1, 2, 3, 4, 5, 7, 8, 9, 10, 11, 13, 14, 15, 16, 17, 19, 21, 22, 23, 25, 26, 
27, 29, 31, 32, 33, 34, 35, 37, 38, 39, 41, 43, 44, 45, 46, 47, 49, 50, 51, 52, 
53, 55, 57, 58, 59, 61, 62, 63, 64, 65, 67, 68, 69, 71, 73, 74, 75, 76, 77, 79, 
81, 82, 83, 85, 86, 87, 89, 91, 92, 93, 94, 95, 97, 98, 99, 101, 103, 105, 106, 107, 
109, 110, 111, 113, 115, 116, 117, 118, 119, 121, 122, 123, 124, 125, 127, 128, 129, 130, 131, 133, 
134, 135, 136, 137, 139, 141, 142, 143, 145, 146, 147, 148, 149, 151, 152, 153, 154, 155, 157, 158, 
159, 161, 163, 164, 165, 166, 167, 169, 170, 171, 172, 173, 175, 177, 178, 179, 181, 182, 183, 184, 
185, 187, 188, 189, 190, 191, 193, 194, 195, 197, 199, 201, 202, 203, 205, 206, 207, 209, 211, 212, 
213, 214, 215, 217, 218, 219, 221, 223, 225, 226, 227, 229, 230, 231, 232, 233, 235, 236, 237, 238, 
239, 241, 242, 243, 244, 245, 247, 248, 249, 250, 251, 253, 254, 255, 256, 257, 259, 261, 262, 263, 
265, 266, 267, 268, 269, 271, 273, 274, 275, 277, 278, 279, 281, 283, 284, 285, 286, 287, 289, 290, 
291, 292, 293, 295, 296, 297, 298, 299, 301, 302, 303, 305, 307, 309, 310, 311, 313, 314, 315, 316, 
317, 319, 321, 322, 323, 325, 326, 327, 328, 329, 331, 332, 333, 334, 335, 337, 338, 339, 341, 343, 
344, 345, 346, 347, 349, 351, 353, 355, 356, 357, 358, 359, 361, 362, 363, 365, 367, 369, 370, 371, 
373, 374, 375, 376, 377, 379, 381, 382, 383, 385, 386, 387, 388, 389, 391, 393, 394, 395, 397, 398, 
399, 401, 403, 404, 405, 406, 407, 409, 410, 411, 412, 413, 415, 417, 418, 419, 421, 422, 423, 424, 
425, 427, 428, 429, 430, 431, 433, 434, 435, 436, 437, 439, 441, 442, 443, 445, 446, 447, 449, 451, 
452, 453, 454, 455, 457, 458, 459, 461, 463, 465, 466, 467, 469, 470, 471, 472, 473, 475, 477, 478, 
479, 481, 482, 483, 484, 485, 487, 488, 489, 491, 493, 494, 495, 497, 499, 501, 502, 503, 505, 506, 
507, 508, 509, 511, 512, 513, 514, 515, 517, 518, 519, 521, 523, 524, 525, 526, 527, 529, 530, 531, 
533, 535, 536, 537, 538, 539, 541, 542, 543, 545, 547, 548, 549, 551, 553, 554, 555, 556, 557, 559, 
561, 562, 563, 565, 566, 567, 568, 569, 571, 573, 574, 575, 577, 578, 579, 581, 583, 584, 585, 586, 
587, 589, 590, 591, 592, 593, 595, 596, 597, 598, 599, 601, 602, 603, 604, 605, 607, 609, 610, 611, 
613, 614, 615, 617, 619, 621, 622, 623, 625, 626, 627, 628, 629, 631, 632, 633, 634, 635, 637, 638, 
639, 641, 643, 645, 646, 647, 649, 651, 652, 653, 655, 656, 657, 658, 659, 661, 662, 663, 664, 665, 
667, 668, 669, 670, 671, 673, 674, 675, 676, 677, 679, 681, 682, 683, 685, 686, 687, 688, 689, 691, 
692, 693, 694, 695, 697, 698, 699, 701, 703, 705, 706, 707, 709, 710, 711, 712, 713, 715, 716, 717, 
718, 719, 721, 722, 723, 724, 725, 727, 729, 730, 731, 733, 734, 735, 737, 739, 741, 742, 743, 745, 
746, 747, 749, 751, 752, 753, 754, 755, 757, 758, 759, 761, 763, 764, 765, 766, 767, 769, 771, 772, 
773, 775, 776, 777, 778, 779, 781, 782, 783, 785, 787, 788, 789, 790, 791, 793, 794, 795, 796, 797, 
799, 801, 802, 803, 805, 806, 807, 808, 809, 811, 813, 814, 815, 817, 818, 819, 821, 823, 824, 825, 
826, 827, 829, 830, 831, 833, 835, 837, 838, 839, 841, 842, 843, 844, 845, 847, 848, 849, 850, 851, 
853, 854, 855, 856, 857, 859, 861, 862, 863, 865, 866, 867, 869, 871, 872, 873, 874, 875, 877, 878, 
879, 881, 883, 884, 885, 886, 887, 889, 890, 891, 892, 893, 895, 897, 898, 899, 901, 902, 903, 904, 
905, 907, 908, 909, 911, 913, 914, 915, 916, 917, 919, 921, 922, 923, 925, 926, 927, 929, 931, 932, 
933, 934, 935, 937, 938, 939, 941, 943, 944, 946, 947, 949, 950, 951, 953, 955, 956, 957, 958, 959, 
961, 962, 963, 964, 965, 967, 969, 970, 971, 973, 974, 975, 976, 977, 979, 981, 982, 983, 985, 986, 
987, 988, 989, 991, 993, 994, 995, 997, 998, 999, 1001, 1003, 1004, 1005, 1006, 1007, 1009, 1010, 1011, 1012, 
1013, 1015, 1016, 1017, 1018, 1019, 1021, 1022, 1023, 1024, 1025, 1027, 1028, 1029, 1030, 1031, 1033, 1034, 1035, 1037, 
1039, 1041, 1042, 1043, 1045, 1046, 1047, 1048, 1049, 1051, 1052, 1053, 1054, 1055, 1057, 1058, 1059, 1061, 1063, 1065, 
1066, 1067, 1069, 1070, 1071, 1072, 1073, 1075, 1076, 1077, 1078, 1079, 1081, 1082, 1083, 1084, 1085, 1087, 1089, 1090, 
1091, 1093, 1094, 1095, 1096, 1097, 1099, 1101, 1102, 1103, 1105, 1106, 1107, 1108, 1109, 1111, 1112, 1113, 1114, 1115, 
1117, 1118, 1119, 1121, 1123, 1124, 1125, 1126, 1127, 1129, 1130, 1131, 1132, 1133, 1135, 1136, 1137, 1138, 1139, 1141, 
1142, 1143, 1145, 1147, 1149, 1150, 1151, 1153, 1154, 1155, 1156, 1157, 1159, 1161, 1162, 1163, 1165, 1166, 1167, 1168, 
1169, 1171, 1172, 1173, 1174, 1175, 1177, 1178, 1179, 1181, 1183, 1185, 1186, 1187, 1189, 1191, 1192, 1193, 1195, 1196, 
1197, 1198, 1199, 1201, 1202, 1203, 1205, 1207, 1208, 1209, 1210, 1211, 1213, 1214, 1215, 1217, 1219, 1221, 1222, 1223, 
1225, 1226, 1227, 1228, 1229, 1231, 1233, 1234, 1235, 1237, 1238, 1239, 1241, 1243, 1244, 1245, 1246, 1247, 1249, 1250, 
1251, 1252, 1253, 1255, 1256, 1257, 1258, 1259, 1261, 1262, 1263, 1264, 1265, 1267, 1268, 1269, 1270, 1271, 1273, 1274, 
1275, 1276, 1277, 1279, 1281, 1282, 1283, 1285, 1286, 1287, 1289, 1291, 1292, 1293, 1294, 1295, 1297, 1298, 1299, 1301, 
1303, 1304, 1305, 1306, 1307, 1309, 1310, 1311, 1313, 1315, 1317, 1318, 1319, 1321, 1322, 1323, 1324, 1325, 1327, 1328, 
1329, 1331, 1333, 1334, 1335, 1336, 1337, 1339, 1341, 1342, 1343, 1345, 1346, 1347, 1348, 1349, 1351, 1353, 1354, 1355, 
1357, 1358, 1359, 1361, 1363, 1364, 1365, 1366, 1367, 1369, 1370, 1371, 1373, 1375, 1377, 1378, 1379, 1381, 1382, 1383, 
1384, 1385, 1387, 1388, 1389, 1390, 1391, 1393, 1394, 1395, 1396, 1397, 1399, 1401, 1402, 1403, 1405, 1406, 1407, 1409, 
1411, 1412, 1413, 1414, 1415, 1417, 1418, 1419, 1421, 1423, 1424, 1425, 1426, 1427, 1429, 1431, 1432, 1433, 1435, 1436, 
1437, 1438, 1439, 1441, 1442, 1443, 1444, 1445, 1447, 1448, 1449, 1450, 1451, 1453, 1454, 1455, 1457, 1459, 1461, 1462, 
1463, 1465, 1466, 1467, 1468, 1469, 1471, 1473, 1474, 1475, 1477, 1478, 1479, 1481, 1483, 1485, 1486, 1487, 1489, 1490, 
1491, 1492, 1493, 1495, 1497, 1498, 1499, 1501, 1502, 1503, 1505, 1507, 1508, 1509, 1510, 1511, 1513, 1514, 1515, 1516, 
1517, 1519, 1521, 1522, 1523, 1525, 1526, 1527, 1528, 1529, 1531, 1532, 1533, 1534, 1535, 1537, 1538, 1539, 1541, 1543, 
1544, 1545, 1546, 1547, 1549, 1550, 1551, 1552, 1553, 1555, 1556, 1557, 1558, 1559, 1561, 1562, 1563, 1564, 1565, 1567, 
1569, 1570, 1571, 1573, 1574, 1576, 1577, 1579, 1581, 1582, 1583, 1585, 1586, 1587, 1588, 1589, 1591, 1592, 1593, 1594, 
1595, 1597, 1598, 1599, 1601, 1603, 1604, 1605, 1606, 1607, 1609, 1611, 1612, 1613, 1615, 1616, 1617, 1618, 1619, 1621, 
1622, 1623, 1625, 1627, 1628, 1629, 1630, 1631, 1633, 1634, 1635, 1636, 1637, 1639, 1641, 1642, 1643, 1645, 1646, 1647, 
1648, 1649, 1651, 1653, 1654, 1655, 1657, 1658, 1659, 1661, 1663, 1665, 1666, 1667, 1669, 1670, 1671, 1673, 1675, 1676, 
1677, 1678, 1679, 1681, 1682, 1683, 1684, 1685, 1687, 1688, 1689, 1690, 1691, 1693, 1694, 1695, 1697, 1699, 1701, 1702, 
1703, 1705, 1706, 1707, 1709, 1711, 1712, 1713, 1714, 1715, 1717, 1718, 1719, 1721, 1723, 1724, 1725, 1726, 1727, 1729, 
1730, 1731, 1732, 1733, 1735, 1737, 1738, 1739, 1741, 1742, 1743, 1744, 1745, 1747, 1748, 1749, 1751, 1753, 1754, 1755, 
1756, 1757, 1759, 1761, 1762, 1763, 1765, 1766, 1767, 1769, 1771, 1772, 1773, 1774, 1775, 1777, 1778, 1779, 1781, 1783, 
1784, 1785, 1786, 1787, 1789, 1790, 1791, 1793, 1795, 1796, 1797, 1798, 1799, 1801, 1802, 1803, 1804, 1805, 1807, 1808, 
1809, 1810, 1811, 1813, 1814, 1815, 1816, 1817, 1819, 1821, 1822, 1823, 1825, 1826, 1827, 1828, 1829, 1831, 1832, 1833, 
1834, 1835, 1837, 1838, 1839, 1841, 1843, 1844, 1845, 1846, 1847, 1849, 1850, 1851, 1852, 1853, 1855, 1857, 1858, 1859, 
1861, 1862, 1863, 1864, 1865, 1867, 1868, 1869, 1871, 1873, 1874, 1875, 1877, 1879, 1881, 1882, 1883, 1885, 1886, 1887, 
1889, 1891, 1892, 1893, 1894, 1895, 1897, 1898, 1899, 1901, 1903, 1905, 1906, 1907, 1909, 1910, 1911, 1912, 1913, 1915, 
1916, 1917, 1918, 1919, 1921, 1922, 1923, 1924, 1925, 1927, 1928, 1929, 1930, 1931, 1933, 1934, 1935, 1937, 1939, 1941, 
1942, 1943, 1945, 1946, 1947, 1948, 1949, 1951, 1953, 1954, 1955, 1957, 1958, 1959, 1961, 1963, 1964, 1965, 1966, 1967, 
1969, 1970, 1971, 1972, 1973, 1975, 1977, 1978, 1979, 1981, 1982, 1983, 1985, 1987, 1989, 1990, 1991, 1993, 1994, 1995, 
1996, 1997, 1999, 2001, 2003, 2005, 2006, 2007, 2008, 2009, 2011, 2012, 2013, 2014, 2015, 2017, 2018, 2019, 2021, 2023, 
2025, 2026, 2027, 2029, 2031, 2032, 2033, 2035, 2036, 2037, 2038, 2039, 2041, 2042, 2043, 2045, 2047, 2048, 2049, 2050, 
2051, 2053, 2054, 2055, 2056, 2057, 2059, 2061, 2062, 2063, 2065, 2066, 2067, 2068, 2069, 2071, 2073, 2074, 2075, 2077, 
2078, 2079, 2081, 2083, 2084, 2085, 2086, 2087, 2089, 2091, 2092, 2093, 2095, 2096, 2097, 2098, 2099, 2101, 2102, 2103, 
2104, 2105, 2107, 2108, 2109, 2110, 2111, 2113, 2114, 2115, 2116, 2117, 2119, 2121, 2122, 2123, 2125, 2126, 2127, 2129, 
2131, 2132, 2133, 2134, 2135, 2137, 2138, 2139, 2141, 2143, 2144, 2145, 2146, 2147, 2149, 2150, 2151, 2152, 2153, 2155, 
2157, 2158, 2159, 2161, 2162, 2163, 2164, 2165, 2167, 2168, 2169, 2171, 2173, 2174, 2175, 2177, 2179, 2181, 2182, 2183, 
2185, 2186, 2187, 2188, 2189, 2191, 2192, 2193, 2194, 2195, 2197, 2198, 2199, 2201, 2203, 2204, 2206, 2207, 2209, 2211, 
2213, 2215, 2216, 2217, 2218, 2219, 2221, 2222, 2223, 2224, 2225, 2227, 2228, 2229, 2230, 2231, 2233, 2234, 2235, 2236, 
2237, 2239, 2241, 2242, 2243, 2245, 2246, 2247, 2248, 2249, 2251, 2252, 2253, 2254, 2255, 2257, 2258, 2259, 2261, 2263, 
2264, 2265, 2266, 2267, 2269, 2270, 2271, 2272, 2273, 2275, 2276, 2277, 2278, 2279, 2281, 2282, 2283, 2284, 2285, 2287, 
2289, 2290, 2291, 2293, 2294, 2295, 2297, 2299, 2301, 2302, 2303, 2305, 2306, 2307, 2308, 2309, 2311, 2312, 2313, 2314, 
2315, 2317, 2318, 2319, 2321, 2323, 2325, 2326, 2327, 2329, 2330, 2331, 2332, 2333, 2335, 2336, 2337, 2338, 2339, 2341, 
2342, 2343, 2344, 2345, 2347, 2348, 2349, 2350, 2351, 2353, 2354, 2355, 2356, 2357, 2359, 2361, 2362, 2363, 2365, 2366, 
2367, 2369, 2371, 2372, 2373, 2374, 2375, 2377, 2378, 2379, 2381, 2383, 2384, 2385, 2386, 2387, 2389, 2390, 2391, 2393, 
2395, 2396, 2397, 2398, 2399, 2401, 2402, 2403, 2404, 2405, 2407, 2409, 2410, 2411, 2413, 2414, 2415, 2416, 2417, 2419, 
2421, 2422, 2423, 2425, 2426, 2427, 2428, 2429, 2431, 2433, 2434, 2435, 2437, 2438, 2439, 2441, 2443, 2444, 2445, 2446, 
2447, 2449, 2451, 2452, 2453, 2455, 2456, 2457, 2458, 2459, 2461, 2462, 2463, 2465, 2467, 2468, 2469, 2471, 2473, 2474, 
2475, 2476, 2477, 2479, 2481, 2482, 2483, 2485, 2486, 2487, 2488, 2489, 2491, 2493, 2494, 2495, 2497, 2498, 2499, 2501, 
2503, 2504, 2505, 2506, 2507, 2509, 2510, 2511, 2512, 2513, 2515, 2516, 2517, 2518, 2519, 2521, 2522, 2523, 2524, 2525, 
2527, 2528, 2529, 2531, 2533, 2534, 2535, 2536, 2537, 2539, 2541, 2542, 2543, 2545, 2546, 2547, 2549, 2551, 2553, 2554, 
2555, 2557, 2558, 2559, 2561, 2563, 2564, 2565, 2566, 2567, 2569, 2570, 2571, 2572, 2573, 2575, 2577, 2578, 2579, 2581, 
2582, 2583, 2585, 2587, 2588, 2589, 2591, 2593, 2594, 2595, 2596, 2597, 2599, 2601, 2602, 2603, 2605, 2606, 2607, 2608, 
2609, 2611, 2612, 2613, 2614, 2615, 2617, 2618, 2619, 2621, 2623, 2625, 2626, 2627, 2629, 2630, 2631, 2633, 2635, 2636, 
2637, 2638, 2639, 2641, 2642, 2643, 2644, 2645, 2647, 2648, 2649, 2650, 2651, 2653, 2654, 2655, 2656, 2657, 2659, 2661, 
2662, 2663, 2665, 2666, 2667, 2668, 2669, 2671, 2672, 2673, 2674, 2675, 2677, 2678, 2679, 2681, 2683, 2684, 2685, 2686, 
2687, 2689, 2690, 2691, 2692, 2693, 2695, 2696, 2697, 2698, 2699, 2701, 2702, 2703, 2705, 2707, 2708, 2709, 2710, 2711, 
2713, 2714, 2715, 2717, 2719, 2721, 2722, 2723, 2725, 2726, 2727, 2729, 2731, 2732, 2733, 2734, 2735, 2737, 2738, 2739, 
2741, 2743, 2745, 2746, 2747, 2749, 2751, 2753, 2755, 2756, 2757, 2758, 2759, 2761, 2762, 2763, 2764, 2765, 2767, 2768, 
2769, 2770, 2771, 2773, 2774, 2775, 2776, 2777, 2779, 2781, 2782, 2783, 2785, 2786, 2787, 2788, 2789, 2791, 2792, 2793, 
2794, 2795, 2797, 2798, 2799, 2801, 2803, 2804, 2805, 2806, 2807, 2809, 2810, 2811, 2812, 2813, 2815, 2817, 2818, 2819, 
2821, 2822, 2823, 2824, 2825, 2827, 2829, 2830, 2831, 2833, 2834, 2836, 2837, 2839, 2841, 2842, 2843, 2845, 2846, 2847, 
2848, 2849, 2851, 2852, 2853, 2854, 2855, 2857, 2858, 2859, 2861, 2863, 2864, 2865, 2866, 2867, 2869, 2871, 2872, 2873, 
2875, 2876, 2877, 2878, 2879, 2881, 2882, 2883, 2885, 2887, 2888, 2889, 2890, 2891, 2893, 2894, 2895, 2896, 2897, 2899, 
2901, 2902, 2903, 2905, 2906, 2907, 2908, 2909, 2911, 2913, 2914, 2915, 2917, 2918, 2919, 2921, 2923, 2924, 2925, 2926, 
2927, 2929, 2930, 2931, 2932, 2933, 2935, 2936, 2937, 2938, 2939, 2941, 2942, 2943, 2945, 2947, 2948, 2949, 2950, 2951, 
2953, 2954, 2955, 2956, 2957, 2959, 2961, 2962, 2963, 2965, 2966, 2967, 2969, 2971, 2972, 2973, 2974, 2975, 2977, 2978, 
2979, 2981, 2983, 2984, 2985, 2986, 2987, 2989, 2991, 2993, 2995, 2997, 2998, 2999, 3001, 3002, 3003, 3004, 3005, 3007, 
3009, 3011, 3013, 3014, 3015, 3017, 3019, 3021, 3022, 3023, 3025, 3026, 3027, 3028, 3029, 3031, 3032, 3033, 3034, 3035, 
3037, 3038, 3039, 3041, 3043, 3044, 3045, 3046, 3047, 3049, 3050, 3051, 3053, 3055, 3056, 3057, 3058, 3059, 3061, 3062, 
3063, 3064, 3065, 3067, 3068, 3069, 3070, 3071, 3073, 3074, 3075, 3076, 3077, 3079, 3081, 3082, 3083, 3085, 3086, 3087, 
3088, 3089, 3091, 3092, 3093, 3094, 3095, 3097, 3098, 3099, 3101, 3103, 3104, 3105, 3106, 3107, 3109, 3110, 3111, 3112, 
3113, 3115, 3116, 3117, 3118, 3119, 3121, 3122, 3123, 3124, 3125, 3127, 3129, 3130, 3131, 3133, 3134, 3135, 3137, 3139, 
3141, 3142, 3143, 3145, 3146, 3147, 3148, 3149, 3151, 3152, 3153, 3154, 3155, 3157, 3158, 3159, 3161, 3163, 3165, 3166, 
3167, 3169, 3170, 3171, 3172, 3173, 3175, 3176, 3177, 3178, 3179, 3181, 3182, 3183, 3184, 3185, 3187, 3188, 3189, 3191, 
3193, 3194, 3195, 3196, 3197, 3199, 3201, 3202, 3203, 3205, 3206, 3207, 3208, 3209, 3211, 3212, 3213, 3214, 3215, 3217, 
3218, 3219, 3221, 3223, 3225, 3226, 3227, 3229, 3231, 3232, 3233, 3235, 3236, 3237, 3238, 3239, 3241, 3242, 3243, 3244, 
3245, 3247, 3249, 3251, 3253, 3254, 3255, 3257, 3259, 3261, 3262, 3263, 3265, 3266, 3267, 3268, 3269, 3271, 3272, 3273, 
3274, 3275, 3277, 3278, 3279, 3281, 3283, 3284, 3285, 3286, 3287, 3289, 3291, 3292, 3293, 3295, 3296, 3297, 3298, 3299, 
3301, 3302, 3303, 3305, 3307, 3308, 3309, 3310, 3311, 3313, 3314, 3315, 3316, 3317, 3319, 3321, 3322, 3323, 3325, 3326, 
3327, 3329, 3331, 3333, 3334, 3335, 3337, 3338, 3339, 3341, 3343, 3345, 3346, 3347, 3349, 3350, 3351, 3352, 3353, 3355, 
3356, 3357, 3358, 3359, 3361, 3362, 3363, 3364, 3365, 3367, 3368, 3369, 3370, 3371, 3373, 3374, 3375, 3376, 3377, 3379, 
3381, 3382, 3383, 3385, 3386, 3387, 3389, 3391, 3393, 3394, 3395, 3397, 3398, 3399, 3401, 3403, 3404, 3405, 3406, 3407, 
3409, 3411, 3412, 3413, 3415, 3417, 3418, 3419, 3421, 3422, 3423, 3424, 3425, 3427, 3428, 3429, 3431, 3433, 3434, 3435, 
3436, 3437, 3439, 3441, 3442, 3443, 3445, 3446, 3447, 3448, 3449, 3451, 3452, 3453, 3454, 3455, 3457, 3458, 3459, 3461, 
3463, 3464, 3466, 3467, 3469, 3470, 3471, 3473, 3475, 3476, 3477, 3478, 3479, 3481, 3482, 3483, 3484, 3485, 3487, 3488, 
3489, 3490, 3491, 3493, 3494, 3495, 3497, 3499, 3501, 3502, 3503, 3505, 3506, 3507, 3508, 3509, 3511, 3512, 3513, 3514, 
3515, 3517, 3518, 3519, 3521, 3523, 3524, 3525, 3526, 3527, 3529, 3530, 3531, 3532, 3533, 3535, 3537, 3538, 3539, 3541, 
3542, 3543, 3544, 3545, 3547, 3548, 3549, 3550, 3551, 3553, 3554, 3555, 3557, 3559, 3561, 3562, 3563, 3565, 3566, 3567, 
3568, 3569, 3571, 3572, 3573, 3574, 3575, 3577, 3578, 3579, 3581, 3583, 3585, 3586, 3587, 3589, 3590, 3591, 3592, 3593, 
3595, 3596, 3597, 3598, 3599, 3601, 3602, 3603, 3604, 3605, 3607, 3609, 3610, 3611, 3613, 3614, 3615, 3616, 3617, 3619, 
3621, 3622, 3623, 3625, 3626, 3627, 3628, 3629, 3631, 3632, 3633, 3634, 3635, 3637, 3638, 3639, 3641, 3643, 3644, 3645, 
3646, 3647, 3649, 3650, 3651, 3652, 3653, 3655, 3656, 3657, 3658, 3659, 3661, 3662, 3663, 3664, 3665, 3667, 3669, 3670, 
3671, 3673, 3674, 3675, 3676, 3677, 3679, 3681, 3682, 3683, 3685, 3686, 3687, 3688, 3689, 3691, 3692, 3693, 3694, 3695, 
3697, 3698, 3699, 3701, 3703, 3704, 3705, 3706, 3707, 3709, 3711, 3713, 3715, 3716, 3717, 3718, 3719, 3721, 3722, 3723, 
3725, 3727, 3728, 3729, 3730, 3731, 3733, 3734, 3735, 3736, 3737, 3739, 3741, 3742, 3743, 3745, 3746, 3747, 3748, 3749, 
3751, 3753, 3754, 3755, 3757, 3758, 3759, 3761, 3763, 3764, 3765, 3766, 3767, 3769, 3771, 3772, 3773, 3775, 3777, 3778, 
3779, 3781, 3782, 3783, 3785, 3787, 3788, 3789, 3790, 3791, 3793, 3794, 3795, 3796, 3797, 3799, 3801, 3802, 3803, 3805, 
3806, 3807, 3809, 3811, 3812, 3813, 3814, 3815, 3817, 3818, 3819, 3821, 3823, 3824, 3825, 3826, 3827, 3829, 3830, 3831, 
3832, 3833, 3835, 3837, 3838, 3839, 3841, 3842, 3843, 3844, 3845, 3847, 3849, 3851, 3853, 3854, 3855, 3856, 3857, 3859, 
3861, 3862, 3863, 3865, 3866, 3867, 3868, 3869, 3871, 3873, 3874, 3875, 3877, 3878, 3879, 3881, 3883, 3884, 3885, 3886, 
3887, 3889, 3890, 3891, 3893, 3895, 3896, 3897, 3898, 3899, 3901, 3902, 3903, 3905, 3907, 3908, 3909, 3910, 3911, 3913, 
3914, 3915, 3916, 3917, 3919, 3921, 3922, 3923, 3925, 3926, 3927, 3928, 3929, 3931, 3932, 3933, 3934, 3935, 3937, 3938, 
3939, 3941, 3943, 3945, 3946, 3947, 3949, 3950, 3951, 3953, 3955, 3956, 3957, 3958, 3959, 3961, 3962, 3963, 3964, 3965, 
3967, 3969, 3970, 3971, 3973, 3974, 3975, 3977, 3979, 3981, 3982, 3983, 3985, 3986, 3987, 3988, 3989, 3991, 3992, 3993, 
3994, 3995, 3997, 3998, 3999, 4001, 4003, 4005, 4006, 4007, 4009, 4010, 4011, 4012, 4013, 4015, 4016, 4017, 4018, 4019, 
4021, 4022, 4023, 4024, 4025, 4027, 4028, 4029, 4031, 4033, 4034, 4035, 4036, 4037, 4039, 4041, 4042, 4043, 4045, 4046, 
4047, 4049, 4051, 4052, 4053, 4054, 4055, 4057, 4058, 4059, 4061, 4063, 4064, 4065, 4066, 4067, 4069, 4071, 4072, 4073, 
4075, 4076, 4077, 4078, 4079, 4081, 4082, 4083, 4084, 4085, 4087, 4089, 4090, 4091, 4093, 4094, 4096, 4097, 4099, 4101, 
4102, 4103, 4105, 4106, 4107, 4108, 4109, 4111, 4112, 4113, 4114, 4115, 4117, 4118, 4119, 4121, 4123, 4124, 4125, 4126, 
4127, 4129, 4131, 4132, 4133, 4135, 4137, 4138, 4139, 4141, 4142, 4143, 4145, 4147, 4148, 4149, 4150, 4151, 4153, 4154, 
4155, 4156, 4157, 4159, 4161, 4162, 4163, 4165, 4166, 4167, 4168, 4169, 4171, 4173, 4174, 4175, 4177, 4178, 4179, 4181, 
4183, 4184, 4185, 4186, 4187, 4189, 4190, 4191, 4192, 4193, 4195, 4196, 4197, 4198, 4199, 4201, 4202, 4203, 4204, 4205, 
4207, 4208, 4209, 4210, 4211, 4213, 4214, 4215, 4217, 4219, 4221, 4222, 4223, 4225, 4226, 4227, 4229, 4231, 4232, 4233, 
4234, 4235, 4237, 4238, 4239, 4241, 4243, 4244, 4245, 4246, 4247, 4249, 4250, 4251, 4252, 4253, 4255, 4257, 4258, 4259, 
4261, 4262, 4263, 4265, 4267, 4268, 4269, 4271, 4273, 4274, 4275, 4276, 4277, 4279, 4281, 4282, 4283, 4285, 4286, 4287, 
4289, 4291, 4292, 4293, 4294, 4295, 4297, 4298, 4299, 4301, 4303, 4304, 4305, 4306, 4307, 4309, 4310, 4311, 4313, 4315, 
4316, 4317, 4318, 4319, 4321, 4322, 4323, 4324, 4325, 4327, 4328, 4329, 4330, 4331, 4333, 4334, 4335, 4336, 4337, 4339, 
4341, 4342, 4343, 4345, 4346, 4347, 4348, 4349, 4351, 4353, 4354, 4355, 4357, 4358, 4359, 4361, 4363, 4364, 4365, 4366, 
4367, 4369, 4370, 4371, 4372, 4373, 4375, 4376, 4377, 4378, 4379, 4381, 4382, 4383, 4384, 4385, 4387, 4388, 4389, 4390, 
4391, 4393, 4394, 4395, 4397, 4399, 4401, 4402, 4403, 4405, 4406, 4407, 4409, 4411, 4412, 4413, 4414, 4415, 4417, 4418, 
4419, 4421, 4423, 4425, 4426, 4427, 4429, 4430, 4431, 4432, 4433, 4435, 4436, 4437, 4438, 4439, 4441, 4442, 4443, 4444, 
4445, 4447, 4448, 4449, 4450, 4451, 4453, 4454, 4455, 4456, 4457, 4459, 4461, 4462, 4463, 4465, 4466, 4467, 4468, 4469, 
4471, 4473, 4474, 4475, 4477, 4478, 4479, 4481, 4483, 4484, 4485, 4486, 4487, 4489, 4490, 4491, 4492, 4493, 4495, 4496, 
4497, 4498, 4499, 4501, 4502, 4503, 4504, 4505, 4507, 4509, 4511, 4513, 4514, 4515, 4516, 4517, 4519, 4521, 4522, 4523, 
4525, 4526, 4527, 4528, 4529, 4531, 4532, 4533, 4534, 4535, 4537, 4538, 4539, 4541, 4543, 4545, 4546, 4547, 4549, 4551, 
4552, 4553, 4555, 4556, 4557, 4558, 4559, 4561, 4562, 4563, 4565, 4567, 4568, 4569, 4570, 4571, 4573, 4574, 4575, 4577, 
4579, 4581, 4582, 4583, 4585, 4586, 4587, 4588, 4589, 4591, 4593, 4594, 4595, 4597, 4598, 4599, 4601, 4603, 4604, 4605, 
4606, 4607, 4609, 4610, 4611, 4612, 4613, 4615, 4616, 4617, 4618, 4619, 4621, 4622, 4623, 4625, 4627, 4628, 4629, 4630, 
4631, 4633, 4634, 4635, 4636, 4637, 4639, 4641, 4642, 4643, 4645, 4646, 4647, 4649, 4651, 4652, 4653, 4654, 4655, 4657, 
4658, 4659, 4661, 4663, 4665, 4666, 4667, 4669, 4670, 4671, 4673, 4675, 4677, 4678, 4679, 4681, 4682, 4683, 4684, 4685, 
4687, 4688, 4689, 4691, 4693, 4694, 4695, 4696, 4697, 4699, 4701, 4702, 4703, 4705, 4706, 4707, 4708, 4709, 4711, 4713, 
4714, 4715, 4717, 4718, 4719, 4721, 4723, 4724, 4726, 4727, 4729, 4731, 4733, 4735, 4737, 4738, 4739, 4741, 4742, 4743, 
4744, 4745, 4747, 4748, 4749, 4750, 4751, 4753, 4754, 4755, 4756, 4757, 4759, 4761, 4762, 4763, 4765, 4766, 4767, 4768, 
4769, 4771, 4772, 4773, 4774, 4775, 4777, 4778, 4779, 4781, 4783, 4785, 4786, 4787, 4789, 4790, 4791, 4792, 4793, 4795, 
4796, 4797, 4798, 4799, 4801, 4802, 4803, 4804, 4805, 4807, 4808, 4809, 4810, 4811, 4813, 4814, 4815, 4817, 4819, 4821, 
4822, 4823, 4825, 4826, 4827, 4828, 4829, 4831, 4832, 4833, 4834, 4835, 4837, 4838, 4839, 4841, 4843, 4845, 4846, 4847, 
4849, 4850, 4851, 4852, 4853, 4855, 4856, 4857, 4858, 4859, 4861, 4862, 4863, 4865, 4867, 4868, 4869, 4870, 4871, 4873, 
4874, 4875, 4876, 4877, 4879, 4881, 4882, 4883, 4885, 4886, 4887, 4889, 4891, 4892, 4893, 4894, 4895, 4897, 4898, 4899, 
4901, 4903, 4904, 4905, 4906, 4907, 4909, 4910, 4911, 4912, 4913, 4915, 4916, 4917, 4918, 4919, 4921, 4922, 4923, 4924, 
4925, 4927, 4929, 4930, 4931, 4933, 4934, 4935, 4936, 4937, 4939, 4941, 4942, 4943, 4945, 4946, 4947, 4948, 4949, 4951, 
4952, 4953, 4954, 4955, 4957, 4958, 4959, 4961, 4963, 4964, 4965, 4966, 4967, 4969, 4971, 4972, 4973, 4975, 4976, 4977, 
4978, 4979, 4981, 4982, 4983, 4985, 4987, 4988, 4989, 4990, 4991, 4993, 4994, 4995, 4996, 4997, 4999, 5001, 5002, 5003, 
5005, 5006, 5007, 5008, 5009, 5011, 5013, 5014, 5015, 5017, 5018, 5019, 5021, 5023, 5024, 5025, 5026, 5027, 5029, 5030, 
5031, 5033, 5035, 5036, 5037, 5038, 5039, 5041, 5042, 5043, 5044, 5045, 5047, 5048, 5049, 5050, 5051, 5053, 5054, 5055, 
5057, 5059, 5061, 5062, 5063, 5065, 5066, 5067, 5069, 5071, 5072, 5073, 5074, 5075, 5077, 5078, 5079, 5081, 5083, 5084, 
5085, 5086, 5087, 5089, 5090, 5091, 5092, 5093, 5095, 5097, 5098, 5099, 5101, 5102, 5103, 5105, 5107, 5108, 5109, 5111, 
5113, 5114, 5115, 5116, 5117, 5119, 5121, 5122, 5123, 5125, 5126, 5127, 5128, 5129, 5131, 5132, 5133, 5134, 5135, 5137, 
5138, 5139, 5141, 5143, 5144, 5145, 5146, 5147, 5149, 5150, 5151, 5153, 5155, 5156, 5157, 5158, 5159, 5161, 5162, 5163, 
5164, 5165, 5167, 5169, 5171, 5173, 5174, 5175, 5176, 5177, 5179, 5181, 5182, 5183, 5185, 5186, 5187, 5188, 5189, 5191, 
5193, 5194, 5195, 5197, 5198, 5199, 5201, 5203, 5204, 5205, 5206, 5207, 5209, 5210, 5211, 5212, 5213, 5215, 5216, 5217, 
5218, 5219, 5221, 5222, 5223, 5224, 5225, 5227, 5228, 5229, 5230, 5231, 5233, 5234, 5235, 5237, 5239, 5241, 5242, 5243, 
5245, 5246, 5247, 5249, 5251, 5252, 5253, 5254, 5255, 5257, 5258, 5259, 5261, 5263, 5265, 5266, 5267, 5269, 5270, 5271, 
5272, 5273, 5275, 5276, 5277, 5278, 5279, 5281, 5282, 5283, 5284, 5285, 5287, 5288, 5289, 5290, 5291, 5293, 5294, 5295, 
5296, 5297, 5299, 5301, 5302, 5303, 5305, 5306, 5307, 5308, 5309, 5311, 5313, 5314, 5315, 5317, 5318, 5319, 5321, 5323, 
5324, 5325, 5326, 5327, 5329, 5330, 5331, 5332, 5333, 5335, 5337, 5338, 5339, 5341, 5342, 5343, 5344, 5345, 5347, 5349, 
5350, 5351, 5353, 5354, 5356, 5357, 5359, 5361, 5362, 5363, 5365, 5366, 5367, 5369, 5371, 5372, 5373, 5374, 5375, 5377, 
5378, 5379, 5381, 5383, 5384, 5385, 5386, 5387, 5389, 5391, 5392, 5393, 5395, 5396, 5397, 5398, 5399, 5401, 5402, 5403, 
5405, 5407, 5409, 5410, 5411, 5413, 5414, 5415, 5416, 5417, 5419, 5421, 5422, 5423, 5425, 5426, 5427, 5428, 5429, 5431, 
5433, 5434, 5435, 5437, 5438, 5439, 5441, 5443, 5444, 5445, 5446, 5447, 5449, 5450, 5451, 5452, 5453, 5455, 5457, 5458, 
5459, 5461, 5462, 5463, 5464, 5465, 5467, 5468, 5469, 5470, 5471, 5473, 5474, 5475, 5476, 5477, 5479, 5481, 5482, 5483, 
5485, 5486, 5487, 5489, 5491, 5492, 5493, 5494, 5495, 5497, 5498, 5499, 5501, 5503, 5505, 5506, 5507, 5509, 5510, 5511, 
5513, 5515, 5517, 5518, 5519, 5521, 5522, 5523, 5524, 5525, 5527, 5528, 5529, 5531, 5533, 5534, 5535, 5536, 5537, 5539, 
5541, 5542, 5543, 5545, 5546, 5547, 5548, 5549, 5551, 5552, 5553, 5554, 5555, 5557, 5558, 5559, 5561, 5563, 5564, 5565, 
5566, 5567, 5569, 5570, 5571, 5573, 5575, 5577, 5578, 5579, 5581, 5582, 5583, 5584, 5585, 5587, 5588, 5589, 5590, 5591, 
5593, 5594, 5595, 5596, 5597, 5599, 5601, 5602, 5603, 5605, 5606, 5607, 5608, 5609, 5611, 5612, 5613, 5614, 5615, 5617, 
5618, 5619, 5621, 5623, 5625, 5626, 5627, 5629, 5630, 5631, 5633, 5635, 5636, 5637, 5638, 5639, 5641, 5642, 5643, 5644, 
5645, 5647, 5648, 5649, 5650, 5651, 5653, 5654, 5655, 5657, 5659, 5661, 5662, 5663, 5665, 5666, 5667, 5668, 5669, 5671, 
5672, 5673, 5674, 5675, 5677, 5678, 5679, 5681, 5683, 5685, 5686, 5687, 5689, 5690, 5691, 5692, 5693, 5695, 5697, 5698, 
5699, 5701, 5702, 5703, 5705, 5707, 5708, 5709, 5710, 5711, 5713, 5714, 5715, 5716, 5717, 5719, 5721, 5722, 5723, 5725, 
5726, 5727, 5728, 5729, 5731, 5732, 5733, 5734, 5735, 5737, 5738, 5739, 5741, 5743, 5744, 5745, 5746, 5747, 5749, 5750, 
5751, 5752, 5753, 5755, 5756, 5757, 5758, 5759, 5761, 5762, 5763, 5764, 5765, 5767, 5769, 5770, 5771, 5773, 5774, 5777, 
5779, 5781, 5782, 5783, 5785, 5786, 5787, 5788, 5789, 5791, 5792, 5793, 5794, 5795, 5797, 5798, 5799, 5801, 5803, 5804, 
5805, 5806, 5807, 5809, 5811, 5812, 5813, 5815, 5816, 5817, 5818, 5819, 5821, 5822, 5823, 5825, 5827, 5828, 5829, 5831, 
5833, 5834, 5835, 5836, 5837, 5839, 5841, 5842, 5843, 5845, 5846, 5847, 5849, 5851, 5853, 5854, 5855, 5857, 5858, 5859, 
5861, 5863, 5864, 5865, 5866, 5867, 5869, 5870, 5871, 5872, 5873, 5875, 5876, 5877, 5878, 5879, 5881, 5882, 5883, 5884, 
5885, 5887, 5889, 5890, 5891, 5893, 5894, 5895, 5897, 5899, 5901, 5902, 5903, 5905, 5906, 5907, 5909, 5911, 5912, 5913, 
5914, 5915, 5917, 5918, 5919, 5921, 5923, 5924, 5925, 5926, 5927, 5929, 5930, 5931, 5932, 5933, 5935, 5937, 5938, 5939, 
5941, 5942, 5943, 5944, 5945, 5947, 5948, 5949, 5951, 5953, 5954, 5955, 5956, 5957, 5959, 5961, 5962, 5963, 5965, 5966, 
5967, 5968, 5969, 5971, 5972, 5973, 5974, 5975, 5977, 5978, 5979, 5981, 5983, 5986, 5987, 5989, 5990, 5991, 5993, 5995, 
5996, 5997, 5998, 5999, 6001, 6002, 6003, 6004, 6005, 6007, 6008, 6009, 6010, 6011, 6013, 6014, 6015, 6017, 6019, 6021, 
6022, 6023, 6025, 6026, 6027, 6028, 6029, 6031, 6033, 6034, 6035, 6037, 6038, 6039, 6041, 6043, 6044, 6045, 6046, 6047, 
6049, 6051, 6052, 6053, 6055, 6056, 6057, 6058, 6059, 6061, 6062, 6063, 6064, 6065, 6067, 6068, 6069, 6070, 6071, 6073, 
6074, 6075, 6077, 6079, 6081, 6082, 6083, 6085, 6086, 6087, 6088, 6089, 6091, 6092, 6093, 6094, 6095, 6097, 6098, 6099, 
6101, 6103, 6105, 6106, 6107, 6109, 6110, 6111, 6112, 6113, 6115, 6116, 6117, 6118, 6119, 6121, 6122, 6123, 6124, 6125, 
6127, 6128, 6129, 6130, 6131, 6133, 6134, 6135, 6137, 6139, 6141, 6142, 6143, 6145, 6146, 6147, 6148, 6149, 6151, 6152, 
6153, 6154, 6155, 6157, 6158, 6159, 6161, 6163, 6164, 6165, 6166, 6167, 6169, 6170, 6171, 6172, 6173, 6175, 6176, 6177, 
6178, 6179, 6181, 6182, 6183, 6184, 6185, 6187, 6189, 6190, 6191, 6193, 6194, 6195, 6196, 6197, 6199, 6201, 6202, 6203, 
6205, 6206, 6207, 6209, 6211, 6212, 6213, 6214, 6215, 6217, 6218, 6219, 6221, 6223, 6224, 6225, 6226, 6227, 6229, 6231, 
6233, 6235, 6236, 6237, 6238, 6239, 6241, 6242, 6243, 6245, 6247, 6249, 6250, 6251, 6253, 6254, 6255, 6257, 6259, 6261, 
6262, 6263, 6265, 6266, 6267, 6268, 6269, 6271, 6273, 6274, 6275, 6277, 6278, 6279, 6281, 6283, 6284, 6285, 6286, 6287, 
6289, 6290, 6291, 6293, 6295, 6296, 6297, 6298, 6299, 6301, 6302, 6303, 6304, 6305, 6307, 6308, 6309, 6310, 6311, 6313, 
6314, 6315, 6316, 6317, 6319, 6321, 6322, 6323, 6325, 6326, 6327, 6329, 6331, 6332, 6333, 6334, 6335, 6337, 6338, 6339, 
6341, 6343, 6345, 6346, 6347, 6349, 6350, 6351, 6352, 6353, 6355, 6357, 6358, 6359, 6361, 6362, 6363, 6364, 6365, 6367, 
6368, 6369, 6371, 6373, 6374, 6375, 6376, 6377, 6379, 6381, 6382, 6383, 6385, 6386, 6387, 6388, 6389, 6391, 6393, 6394, 
6395, 6397, 6398, 6399, 6401, 6403, 6404, 6405, 6406, 6407, 6409, 6410, 6411, 6413, 6415, 6416, 6417, 6418, 6419, 6421, 
6422, 6423, 6425, 6427, 6428, 6429, 6430, 6431, 6433, 6434, 6436, 6437, 6439, 6441, 6442, 6443, 6445, 6446, 6447, 6449, 
6451, 6452, 6453, 6454, 6455, 6457, 6458, 6459, 6461, 6463, 6465, 6466, 6467, 6469, 6470, 6471, 6472, 6473, 6475, 6476, 
6477, 6478, 6479, 6481, 6482, 6483, 6484, 6485, 6487, 6488, 6489, 6490, 6491, 6493, 6494, 6495, 6497, 6499, 6501, 6502, 
6503, 6505, 6506, 6507, 6508, 6509, 6511, 6513, 6514, 6515, 6517, 6518, 6519, 6521, 6523, 6525, 6526, 6527, 6529, 6530, 
6531, 6532, 6533, 6535, 6537, 6538, 6539, 6541, 6542, 6543, 6544, 6545, 6547, 6548, 6549, 6550, 6551, 6553, 6554, 6555, 
6556, 6557, 6559, 6561, 6562, 6563, 6565, 6566, 6567, 6568, 6569, 6571, 6572, 6573, 6574, 6575, 6577, 6578, 6579, 6581, 
6583, 6584, 6585, 6586, 6587, 6589, 6590, 6591, 6593, 6595, 6596, 6597, 6598, 6599, 6601, 6602, 6603, 6604, 6605, 6607, 
6609, 6610, 6611, 6613, 6614, 6616, 6617, 6619, 6621, 6622, 6623, 6625, 6626, 6627, 6628, 6629, 6631, 6632, 6633, 6634, 
6635, 6637, 6638, 6639, 6641, 6643, 6644, 6645, 6646, 6647, 6649, 6651, 6652, 6653, 6655, 6657, 6658, 6659, 6661, 6662, 
6663, 6665, 6667, 6668, 6669, 6670, 6671, 6673, 6674, 6675, 6676, 6677, 6679, 6681, 6682, 6683, 6685, 6686, 6687, 6689, 
6691, 6693, 6694, 6695, 6697, 6698, 6699, 6701, 6703, 6704, 6705, 6706, 6707, 6709, 6710, 6711, 6712, 6713, 6715, 6716, 
6717, 6718, 6719, 6721, 6722, 6723, 6724, 6725, 6727, 6728, 6729, 6730, 6731, 6733, 6734, 6735, 6736, 6737, 6739, 6741, 
6742, 6743, 6745, 6746, 6747, 6749, 6751, 6752, 6753, 6754, 6755, 6757, 6758, 6759, 6761, 6763, 6764, 6765, 6766, 6767, 
6769, 6770, 6771, 6772, 6773, 6775, 6777, 6778, 6779, 6781, 6782, 6783, 6785, 6787, 6788, 6789, 6791, 6793, 6794, 6795, 
6796, 6797, 6799, 6801, 6802, 6803, 6805, 6806, 6807, 6809, 6811, 6812, 6813, 6814, 6815, 6817, 6818, 6819, 6821, 6823, 
6824, 6826, 6827, 6829, 6830, 6831, 6833, 6835, 6836, 6837, 6838, 6839, 6841, 6842, 6843, 6844, 6845, 6847, 6849, 6850, 
6851, 6853, 6854, 6855, 6856, 6857, 6859, 6861, 6862, 6863, 6865, 6866, 6867, 6868, 6869, 6871, 6872, 6873, 6874, 6875, 
6877, 6878, 6879, 6881, 6883, 6884, 6885, 6886, 6887, 6889, 6890, 6891, 6892, 6893, 6895, 6896, 6897, 6898, 6899, 6901, 
6902, 6903, 6904, 6905, 6907, 6908, 6909, 6910, 6911, 6913, 6914, 6915, 6917, 6919, 6921, 6922, 6923, 6925, 6926, 6927, 
6928, 6929, 6931, 6932, 6933, 6934, 6935, 6937, 6938, 6939, 6941, 6943, 6945, 6946, 6947, 6949, 6950, 6951, 6953, 6955, 
6956, 6957, 6958, 6959, 6961, 6962, 6963, 6964, 6965, 6967, 6969, 6970, 6971, 6973, 6974, 6975, 6977, 6979, 6981, 6982, 
6983, 6985, 6986, 6987, 6988, 6989, 6991, 6993, 6994, 6995, 6997, 6998, 6999, 7001, 7003, 7004, 7005, 7006, 7007, 7009, 
7010, 7011, 7012, 7013, 7015, 7016, 7017, 7018, 7019, 7021, 7022, 7023, 7024, 7025, 7027, 7029, 7030, 7031, 7033, 7034, 
7035, 7036, 7037, 7039, 7041, 7042, 7043, 7045, 7046, 7047, 7048, 7049, 7051, 7052, 7053, 7054, 7055, 7057, 7058, 7059, 
7061, 7063, 7064, 7065, 7066, 7067, 7069, 7071, 7073, 7075, 7076, 7077, 7078, 7079, 7081, 7082, 7083, 7085, 7087, 7088, 
7089, 7090, 7091, 7093, 7094, 7095, 7096, 7097, 7099, 7101, 7102, 7103, 7105, 7106, 7107, 7108, 7109, 7111, 7113, 7114, 
7115, 7117, 7118, 7119, 7121, 7123, 7124, 7125, 7126, 7127, 7129, 7130, 7131, 7132, 7133, 7135, 7136, 7137, 7138, 7139, 
7141, 7142, 7143, 7145, 7147, 7148, 7149, 7151, 7153, 7154, 7155, 7156, 7157, 7159, 7161, 7162, 7163, 7165, 7166, 7167, 
7169, 7171, 7172, 7173, 7174, 7175, 7177, 7178, 7179, 7181, 7183, 7184, 7185, 7186, 7187, 7189, 7190, 7191, 7193, 7195, 
7197, 7198, 7199, 7201, 7202, 7203, 7204, 7205, 7207, 7209, 7211, 7213, 7214, 7215, 7217, 7219, 7221, 7222, 7223, 7225, 
7226, 7227, 7228, 7229, 7231, 7233, 7234, 7235, 7237, 7238, 7239, 7241, 7243, 7244, 7246, 7247, 7249, 7250, 7251, 7253, 
7255, 7256, 7257, 7258, 7259, 7261, 7262, 7263, 7264, 7265, 7267, 7268, 7269, 7270, 7271, 7273, 7274, 7275, 7276, 7277, 
7279, 7281, 7282, 7283, 7285, 7286, 7287, 7288, 7289, 7291, 7292, 7293, 7294, 7295, 7297, 7298, 7299, 7301, 7303, 7305, 
7306, 7307, 7309, 7310, 7311, 7312, 7313, 7315, 7316, 7317, 7318, 7319, 7321, 7322, 7323, 7324, 7325, 7327, 7328, 7329, 
7330, 7331, 7333, 7334, 7335, 7337, 7339, 7341, 7342, 7343, 7345, 7346, 7347, 7348, 7349, 7351, 7352, 7353, 7354, 7355, 
7357, 7358, 7359, 7361, 7363, 7365, 7366, 7367, 7369, 7370, 7371, 7372, 7373, 7375, 7376, 7377, 7378, 7379, 7381, 7382, 
7383, 7385, 7387, 7388, 7389, 7390, 7391, 7393, 7394, 7395, 7396, 7397, 7399, 7401, 7402, 7403, 7405, 7406, 7407, 7408, 
7409, 7411, 7412, 7413, 7414, 7415, 7417, 7418, 7419, 7421, 7423, 7426, 7427, 7429, 7430, 7431, 7432, 7433, 7435, 7437, 
7438, 7439, 7441, 7442, 7443, 7444, 7445, 7447, 7449, 7450, 7451, 7453, 7454, 7455, 7456, 7457, 7459, 7461, 7462, 7463, 
7465, 7466, 7467, 7468, 7469, 7471, 7472, 7473, 7474, 7475, 7477, 7478, 7479, 7481, 7483, 7484, 7485, 7486, 7487, 7489, 
7491, 7492, 7493, 7495, 7496, 7497, 7498, 7499, 7501, 7502, 7503, 7505, 7507, 7508, 7509, 7510, 7511, 7513, 7514, 7515, 
7516, 7517, 7519, 7521, 7522, 7523, 7525, 7526, 7527, 7528, 7529, 7531, 7533, 7534, 7535, 7537, 7538, 7539, 7541, 7543, 
7545, 7546, 7547, 7549, 7550, 7551, 7553, 7555, 7556, 7557, 7558, 7559, 7561, 7562, 7563, 7564, 7565, 7567, 7569, 7570, 
7571, 7573, 7574, 7575, 7576, 7577, 7579, 7581, 7582, 7583, 7585, 7586, 7587, 7589, 7591, 7593, 7594, 7595, 7597, 7598, 
7599, 7601, 7603, 7604, 7605, 7606, 7607, 7609, 7610, 7611, 7612, 7613, 7615, 7617, 7618, 7619, 7621, 7622, 7623, 7624, 
7625, 7627, 7628, 7629, 7631, 7633, 7634, 7635, 7636, 7637, 7639, 7641, 7642, 7643, 7645, 7646, 7647, 7648, 7649, 7651, 
7652, 7653, 7654, 7655, 7657, 7658, 7659, 7661, 7663, 7664, 7665, 7666, 7667, 7669, 7670, 7671, 7673, 7675, 7676, 7677, 
7678, 7679, 7681, 7682, 7683, 7684, 7685, 7687, 7688, 7689, 7690, 7691, 7693, 7694, 7695, 7697, 7699, 7701, 7702, 7703, 
7705, 7706, 7707, 7708, 7709, 7711, 7712, 7713, 7714, 7715, 7717, 7718, 7719, 7721, 7723, 7724, 7725, 7726, 7727, 7729, 
7730, 7731, 7732, 7733, 7735, 7736, 7737, 7738, 7739, 7741, 7742, 7743, 7745, 7747, 7748, 7749, 7750, 7751, 7753, 7754, 
7755, 7757, 7759, 7761, 7762, 7763, 7765, 7766, 7767, 7768, 7769, 7771, 7772, 7773, 7774, 7775, 7777, 7778, 7779, 7781, 
7783, 7785, 7786, 7787, 7789, 7790, 7791, 7792, 7793, 7795, 7796, 7797, 7798, 7799, 7801, 7802, 7803, 7804, 7805, 7807, 
7809, 7810, 7811, 7813, 7814, 7815, 7816, 7817, 7819, 7821, 7822, 7823, 7825, 7826, 7827, 7828, 7829, 7831, 7833, 7834, 
7835, 7837, 7838, 7839, 7841, 7843, 7844, 7845, 7846, 7847, 7849, 7850, 7851, 7852, 7853, 7855, 7856, 7857, 7858, 7859, 
7861, 7862, 7863, 7864, 7865, 7867, 7869, 7870, 7871, 7873, 7874, 7876, 7877, 7879, 7881, 7882, 7883, 7885, 7886, 7887, 
7889, 7891, 7892, 7893, 7894, 7895, 7897, 7898, 7899, 7901, 7903, 7905, 7906, 7907, 7909, 7911, 7913, 7915, 7916, 7917, 
7918, 7919, 7921, 7922, 7923, 7925, 7927, 7928, 7929, 7930, 7931, 7933, 7934, 7935, 7937, 7939, 7941, 7942, 7943, 7945, 
7946, 7947, 7948, 7949, 7951, 7953, 7954, 7955, 7957, 7958, 7959, 7961, 7963, 7964, 7965, 7966, 7967, 7969, 7970, 7971, 
7972, 7973, 7975, 7976, 7977, 7978, 7979, 7981, 7982, 7983, 7984, 7985, 7987, 7988, 7989, 7990, 7991, 7993, 7994, 7995, 
7996, 7997, 7999, 8001, 8002, 8003, 8005, 8006, 8007, 8009, 8011, 8012, 8013, 8014, 8015, 8017, 8018, 8019, 8021, 8023, 
8025, 8026, 8027, 8029, 8030, 8031, 8032, 8033, 8035, 8037, 8038, 8039, 8041, 8042, 8043, 8044, 8045, 8047, 8048, 8049, 
8051, 8053, 8054, 8055, 8057, 8059, 8061, 8062, 8063, 8065, 8066, 8067, 8068, 8069, 8071, 8072, 8073, 8074, 8075, 8077, 
8078, 8079, 8081, 8083, 8084, 8086, 8087, 8089, 8090, 8091, 8093, 8095, 8097, 8098, 8099, 8101, 8102, 8103, 8104, 8105, 
8107, 8108, 8109, 8110, 8111, 8113, 8114, 8115, 8116, 8117, 8119, 8121, 8122, 8123, 8125, 8126, 8127, 8129, 8131, 8132, 
8133, 8134, 8135, 8137, 8138, 8139, 8141, 8143, 8144, 8145, 8146, 8147, 8149, 8150, 8151, 8152, 8153, 8155, 8156, 8157, 
8158, 8159, 8161, 8162, 8163, 8164, 8165, 8167, 8168, 8169, 8170, 8171, 8173, 8174, 8175, 8177, 8179, 8181, 8182, 8183, 
8185, 8186, 8187, 8188, 8189, 8191, 8192, 8193, 8194, 8195, 8197, 8198, 8199, 8201, 8203, 8205, 8206, 8207, 8209, 8210, 
8211, 8212, 8213, 8215, 8217, 8218, 8219, 8221, 8222, 8223, 8224, 8225, 8227, 8229, 8230, 8231, 8233, 8234, 8235, 8236, 
8237, 8239, 8241, 8242, 8243, 8245, 8246, 8247, 8248, 8249, 8251, 8252, 8253, 8254, 8255, 8257, 8258, 8259, 8261, 8263, 
8264, 8265, 8266, 8267, 8269, 8270, 8271, 8273, 8275, 8276, 8277, 8278, 8279, 8281, 8282, 8283, 8284, 8285, 8287, 8289, 
8290, 8291, 8293, 8294, 8295, 8297, 8299, 8301, 8302, 8303, 8305, 8306, 8307, 8308, 8309, 8311, 8312, 8313, 8314, 8315, 
8317, 8318, 8319, 8321, 8323, 8324, 8325, 8326, 8327, 8329, 8331, 8332, 8333, 8335, 8336, 8337, 8338, 8339, 8341, 8342, 
8343, 8345, 8347, 8348, 8349, 8350, 8351, 8353, 8354, 8355, 8356, 8357, 8359, 8361, 8362, 8363, 8365, 8366, 8367, 8368, 
8369, 8371, 8373, 8374, 8375, 8377, 8378, 8379, 8381, 8383, 8384, 8385, 8386, 8387, 8389, 8390, 8391, 8392, 8393, 8395, 
8396, 8397, 8398, 8399, 8401, 8402, 8403, 8404, 8405, 8407, 8408, 8409, 8410, 8411, 8413, 8414, 8416, 8417, 8419, 8421, 
8422, 8423, 8425, 8426, 8427, 8429, 8431, 8433, 8434, 8435, 8437, 8438, 8439, 8441, 8443, 8444, 8445, 8446, 8447, 8449, 
8451, 8452, 8453, 8455, 8457, 8458, 8459, 8461, 8462, 8463, 8465, 8467, 8468, 8469, 8471, 8473, 8474, 8475, 8476, 8477, 
8479, 8481, 8482, 8483, 8485, 8486, 8487, 8488, 8489, 8491, 8492, 8493, 8494, 8495, 8497, 8498, 8499, 8501, 8503, 8504, 
8506, 8507, 8509, 8510, 8511, 8513, 8515, 8516, 8517, 8518, 8519, 8521, 8522, 8523, 8524, 8525, 8527, 8529, 8530, 8531, 
8533, 8534, 8535, 8537, 8539, 8541, 8542, 8543, 8545, 8546, 8547, 8548, 8549, 8551, 8552, 8553, 8554, 8555, 8557, 8558, 
8559, 8561, 8563, 8564, 8565, 8566, 8567, 8569, 8570, 8571, 8572, 8573, 8575, 8577, 8578, 8579, 8581, 8582, 8583, 8584, 
8585, 8587, 8588, 8589, 8590, 8591, 8593, 8594, 8595, 8597, 8599, 8601, 8602, 8603, 8605, 8606, 8607, 8608, 8609, 8611, 
8612, 8613, 8614, 8615, 8617, 8618, 8619, 8621, 8623, 8625, 8626, 8627, 8629, 8630, 8631, 8633, 8635, 8636, 8637, 8638, 
8639, 8641, 8642, 8643, 8644, 8645, 8647, 8648, 8649, 8650, 8651, 8653, 8654, 8655, 8656, 8657, 8659, 8661, 8662, 8663, 
8665, 8666, 8667, 8668, 8669, 8671, 8672, 8673, 8674, 8675, 8677, 8678, 8679, 8681, 8683, 8684, 8685, 8686, 8687, 8689, 
8690, 8691, 8692, 8693, 8695, 8696, 8697, 8698, 8699, 8701, 8702, 8703, 8705, 8707, 8709, 8710, 8711, 8713, 8714, 8715, 
8716, 8717, 8719, 8721, 8722, 8723, 8725, 8726, 8727, 8728, 8729, 8731, 8732, 8733, 8734, 8735, 8737, 8738, 8739, 8741, 
8743, 8744, 8745, 8746, 8747, 8749, 8751, 8752, 8753, 8755, 8756, 8757, 8758, 8759, 8761, 8762, 8763, 8765, 8767, 8768, 
8769, 8770, 8771, 8773, 8774, 8775, 8776, 8777, 8779, 8781, 8782, 8783, 8785, 8786, 8787, 8788, 8789, 8791, 8793, 8794, 
8795, 8797, 8798, 8799, 8801, 8803, 8804, 8805, 8806, 8807, 8809, 8810, 8811, 8812, 8813, 8815, 8817, 8818, 8819, 8821, 
8822, 8823, 8824, 8825, 8827, 8828, 8829, 8830, 8831, 8833, 8834, 8835, 8836, 8837, 8839, 8841, 8842, 8843, 8845, 8846, 
8847, 8849, 8851, 8852, 8853, 8854, 8855, 8857, 8858, 8859, 8861, 8863, 8864, 8865, 8866, 8867, 8869, 8870, 8871, 8872, 
8873, 8875, 8877, 8878, 8879, 8881, 8882, 8883, 8884, 8885, 8887, 8889, 8891, 8893, 8894, 8895, 8896, 8897, 8899, 8901, 
8902, 8903, 8905, 8906, 8907, 8908, 8909, 8911, 8912, 8913, 8914, 8915, 8917, 8918, 8919, 8921, 8923, 8924, 8926, 8927, 
8929, 8930, 8931, 8933, 8935, 8936, 8937, 8938, 8939, 8941, 8942, 8943, 8945, 8947, 8948, 8949, 8950, 8951, 8953, 8954, 
8955, 8956, 8957, 8959, 8961, 8962, 8963, 8965, 8966, 8967, 8969, 8971, 8972, 8973, 8974, 8975, 8977, 8978, 8979, 8981, 
8983, 8984, 8985, 8986, 8987, 8989, 8990, 8991, 8992, 8993, 8995, 8996, 8997, 8998, 8999, 9001, 9002, 9003, 9004, 9005, 
9007, 9008, 9009, 9010, 9011, 9013, 9014, 9015, 9017, 9019, 9021, 9022, 9023, 9025, 9026, 9027, 9028, 9029, 9031, 9032, 
9033, 9034, 9035, 9037, 9038, 9039, 9041, 9043, 9045, 9046, 9047, 9049, 9050, 9051, 9052, 9053, 9055, 9056, 9057, 9058, 
9059, 9061, 9062, 9063, 9065, 9067, 9068, 9069, 9070, 9071, 9073, 9074, 9075, 9076, 9077, 9079, 9081, 9082, 9083, 9085, 
9086, 9087, 9089, 9091, 9092, 9093, 9094, 9095, 9097, 9098, 9099, 9101, 9103, 9104, 9105, 9106, 9107, 9109, 9110, 9111, 
9113, 9115, 9116, 9117, 9118, 9119, 9121, 9122, 9123, 9124, 9125, 9127, 9129, 9130, 9131, 9133, 9134, 9136, 9137, 9139, 
9141, 9142, 9143, 9145, 9146, 9147, 9148, 9149, 9151, 9153, 9154, 9155, 9157, 9158, 9159, 9161, 9163, 9164, 9165, 9166, 
9167, 9169, 9171, 9172, 9173, 9175, 9176, 9177, 9178, 9179, 9181, 9182, 9183, 9185, 9187, 9188, 9189, 9190, 9191, 9193, 
9194, 9195, 9197, 9199, 9201, 9202, 9203, 9205, 9206, 9207, 9208, 9209, 9211, 9213, 9214, 9215, 9217, 9218, 9219, 9221, 
9223, 9224, 9225, 9226, 9227, 9229, 9230, 9231, 9232, 9233, 9235, 9236, 9237, 9238, 9239, 9241, 9242, 9243, 9244, 9245, 
9247, 9249, 9250, 9251, 9253, 9254, 9255, 9257, 9259, 9261, 9262, 9263, 9265, 9266, 9267, 9269, 9271, 9273, 9274, 9275, 
9277, 9278, 9279, 9281, 9283, 9284, 9285, 9286, 9287, 9289, 9290, 9291, 9292, 9293, 9295, 9297, 9298, 9299, 9301, 9302, 
9303, 9304, 9305, 9307, 9308, 9309, 9311, 9313, 9314, 9315, 9316, 9317, 9319, 9321, 9322, 9323, 9325, 9326, 9327, 9329, 
9331, 9332, 9333, 9334, 9335, 9337, 9338, 9339, 9341, 9343, 9345, 9346, 9347, 9349, 9351, 9353, 9355, 9356, 9357, 9358, 
9359, 9361, 9362, 9363, 9364, 9365, 9367, 9368, 9369, 9370, 9371, 9373, 9374, 9375, 9376, 9377, 9379, 9381, 9382, 9383, 
9385, 9386, 9387, 9388, 9389, 9391, 9392, 9393, 9394, 9395, 9397, 9398, 9399, 9401, 9403, 9404, 9405, 9406, 9407, 9409, 
9410, 9411, 9412, 9413, 9415, 9417, 9418, 9419, 9421, 9422, 9423, 9425, 9427, 9428, 9429, 9430, 9431, 9433, 9434, 9435, 
9437, 9439, 9441, 9442, 9443, 9445, 9446, 9447, 9448, 9449, 9451, 9452, 9453, 9454, 9455, 9457, 9458, 9459, 9461, 9463, 
9465, 9466, 9467, 9469, 9470, 9471, 9473, 9475, 9476, 9477, 9478, 9479, 9481, 9482, 9483, 9484, 9485, 9487, 9488, 9489, 
9490, 9491, 9493, 9494, 9495, 9496, 9497, 9499, 9501, 9502, 9503, 9505, 9506, 9507, 9508, 9509, 9511, 9512, 9513, 9514, 
9515, 9517, 9518, 9519, 9521, 9523, 9524, 9525, 9526, 9527, 9529, 9530, 9531, 9532, 9533, 9535, 9536, 9537, 9538, 9539, 
9541, 9542, 9543, 9544, 9545, 9547, 9549, 9550, 9551, 9553, 9554, 9556, 9557, 9559, 9561, 9562, 9563, 9565, 9566, 9567, 
9569, 9571, 9572, 9573, 9574, 9575, 9577, 9578, 9579, 9581, 9583, 9584, 9585, 9586, 9587, 9589, 9591, 9593, 9595, 9596, 
9597, 9598, 9599, 9601, 9602, 9603, 9605, 9607, 9608, 9609, 9610, 9611, 9613, 9614, 9615, 9616, 9617, 9619, 9621, 9622, 
9623, 9625, 9626, 9627, 9628, 9629, 9631, 9633, 9634, 9635, 9637, 9638, 9639, 9641, 9643, 9644, 9645, 9646, 9647, 9649, 
9650, 9651, 9652, 9653, 9655, 9657, 9658, 9659, 9661, 9662, 9663, 9664, 9665, 9667, 9668, 9669, 9670, 9671, 9673, 9674, 
9675, 9676, 9677, 9679, 9681, 9682, 9683, 9685, 9686, 9687, 9689, 9691, 9692, 9693, 9694, 9695, 9697, 9698, 9699, 9701, 
9703, 9704, 9705, 9706, 9707, 9709, 9710, 9711, 9712, 9713, 9715, 9717, 9718, 9719, 9721, 9722, 9723, 9725, 9727, 9729, 
9731, 9733, 9734, 9735, 9736, 9737, 9739, 9741, 9742, 9743, 9745, 9746, 9747, 9748, 9749, 9751, 9752, 9753, 9754, 9755, 
9757, 9758, 9759, 9761, 9763, 9764, 9766, 9767, 9769, 9770, 9771, 9773, 9775, 9777, 9778, 9779, 9781, 9782, 9783, 9784, 
9785, 9787, 9788, 9789, 9790, 9791, 9793, 9794, 9795, 9796, 9797, 9799, 9801, 9802, 9803, 9805, 9806, 9807, 9808, 9809, 
9811, 9812, 9813, 9814, 9815, 9817, 9818, 9819, 9821, 9823, 9824, 9825, 9826, 9827, 9829, 9830, 9831, 9832, 9833, 9835, 
9836, 9837, 9838, 9839, 9841, 9842, 9843, 9844, 9845, 9847, 9848, 9849, 9850, 9851, 9853, 9854, 9855, 9857, 9859, 9861, 
9862, 9863, 9865, 9866, 9867, 9868, 9869, 9871, 9872, 9873, 9874, 9875, 9877, 9878, 9879, 9881, 9883, 9885, 9886, 9887, 
9889, 9890, 9891, 9892, 9893, 9895, 9896, 9897, 9898, 9899, 9901, 9902, 9903, 9904, 9905, 9907, 9908, 9909, 9910, 9911, 
9913, 9914, 9915, 9916, 9917, 9919, 9921, 9922, 9923, 9925, 9926, 9927, 9929, 9931, 9932, 9933, 9934, 9935, 9937, 9938, 
9939, 9941, 9943, 9945, 9946, 9947, 9949, 9950, 9951, 9952, 9953, 9955, 9956, 9957, 9958, 9959, 9961, 9962, 9963, 9964, 
9965, 9967, 9969, 9970, 9971, 9973, 9974, 9975, 9976, 9977, 9979, 9981, 9982, 9983, 9985, 9986, 9987, 9988, 9989, 9991, 
9992, 9993, 9994, 9995, 9997, 9998, 9999, 