0: 1
2: 2
3: 3
4: 4
5: 5, 6
6: 8, 9
7: 7, 10, 12
8: 15, 16, 18
9: 14, 20, 24, 27
10: 21, 25, 30, 32, 36
11: 11, 28, 40, 45, 48, 54
12: 35, 42, 50, 60, 64, 72, 81
13: 13, 22, 56, 63, 75, 80, 90, 96, 108
14: 33, 49, 70, 84, 100, 120, 128, 135, 144, 162
15: 26, 44, 105, 112, 125, 126, 150, 160, 180, 192, 216, 243
16: 39, 55, 66, 98, 140, 168, 189, 200, 225, 240, 256, 270, 288, 324
17: 17, 52, 88, 99, 147, 175, 210, 224, 250, 252, 300, 320, 360, 384, 405, 432, 486
18: 65, 77, 78, 110, 132, 196, 280, 315, 336, 375, 378, 400, 450, 480, 512, 540, 576, 648, 729
19: 19, 34, 104, 117, 165, 176, 198, 245, 294, 350, 420, 448, 500, 504, 567, 600, 640, 675, 720, 768, 810, 864, 972
20: 51, 91, 130, 154, 156, 220, 264, 297, 392, 441, 525, 560, 625, 630, 672, 750, 756, 800, 900, 960
21: 38, 68, 195, 208, 231, 234, 275, 330, 343, 352, 396, 490, 588, 700, 840, 896, 945, 1000
22: 57, 85, 102, 121, 182, 260, 308, 312, 351, 440, 495, 528, 594, 735, 784, 875, 882
23: 23, 76, 136, 153, 273, 325, 385, 390, 416, 462, 468, 550, 660, 686, 704, 792, 891, 980
24: 95, 114, 119, 143, 170, 204, 242, 364, 520, 585, 616, 624, 693, 702, 825, 880, 990
25: 46, 152, 171, 255, 272, 306, 363, 455, 539, 546, 650, 770, 780, 832, 924, 936
26: 69, 133, 169, 190, 228, 238, 286, 340, 408, 459, 484, 728, 819, 975
27: 92, 285, 304, 342, 357, 425, 429, 510, 544, 605, 612, 637, 726, 910
28: 115, 138, 187, 266, 338, 380, 456, 476, 513, 572, 680, 765, 816, 918, 968
29: 29, 184, 207, 399, 475, 507, 570, 595, 608, 684, 714, 715, 847, 850, 858
30: 161, 209, 221, 230, 276, 374, 532, 676, 760, 855, 912, 952
31: 31, 58, 345, 368, 414, 561, 665, 798, 833, 845, 950
32: 87, 247, 322, 418, 442, 460, 552, 621, 748
33: 62, 116, 483, 575, 627, 663, 690, 736, 828, 931, 935
34: 93, 145, 174, 253, 289, 494, 644, 836, 884, 920
35: 124, 232, 261, 741, 805, 966
36: 155, 186, 203, 290, 299, 323, 348, 506, 578, 988
37: 37, 248, 279, 435, 464, 522, 759, 867
38: 217, 310, 361, 372, 406, 580, 598, 646, 696, 783
39: 74, 465, 496, 558, 609, 725, 870, 897, 928, 969
40: 111, 319, 391, 434, 620, 722, 744, 812, 837
41: 41, 148, 651, 775, 930, 992
42: 185, 222, 341, 377, 437, 638, 782, 868
43: 43, 82, 296, 333, 957
44: 123, 259, 370, 403, 444, 682, 754, 874
45: 86, 164, 555, 592, 666
46: 129, 205, 246, 493, 518, 529, 740, 806, 888, 999
47: 47, 172, 328, 369, 777, 925
48: 215, 258, 287, 407, 410, 492, 527, 551, 986
49: 94, 344, 387, 615, 656, 738
50: 141, 301, 430, 481, 516, 574, 589, 814, 820, 984
51: 188, 645, 688, 774, 861
52: 235, 282, 451, 602, 667, 860, 962
53: 53, 376, 423, 903
54: 329, 470, 473, 533, 564, 629, 713, 902
55: 106, 705, 752, 846
56: 159, 559, 658, 703, 940, 946
57: 212, 987
58: 265, 318, 517, 697, 841
59: 59, 424, 477
60: 371, 530, 611, 636, 731, 779, 851, 899
61: 61, 118, 795, 848, 954
62: 177, 742, 817, 961
63: 122, 236
64: 183, 295, 354, 583, 799, 943
65: 244, 472, 531
66: 305, 366, 413, 590, 689, 708, 893, 989
67: 67, 488, 549, 885, 944
68: 427, 610, 732, 826
69: 134, 915, 976
70: 201, 649, 854, 901
71: 71, 268
72: 335, 402, 671, 767
73: 73, 142, 536, 603
74: 213, 469, 670, 793, 804
75: 146, 284
76: 219, 355, 426, 938
77: 292, 568, 639
78: 365, 438, 497, 710, 737, 852
79: 79, 584, 657
80: 511, 730, 871, 876, 994
81: 158
82: 237, 781
83: 83, 316
84: 395, 474, 803, 923
85: 166, 632, 711
86: 249, 553, 790, 948, 949
87: 332
88: 415, 498
89: 89, 664, 747
90: 581, 830, 869, 996
91: 178
92: 267
93: 356
94: 445, 534, 913
95: 712, 801
96: 623, 890
97: 97
99: 194
100: 291, 979
101: 101, 388
102: 485, 582
103: 103, 202, 776, 873
104: 303, 679, 970
105: 206, 404
106: 309, 505, 606
107: 107, 412, 808, 909
108: 515, 618, 707
109: 109, 214, 824, 927
110: 321, 721
111: 218, 428
112: 327, 535, 642
113: 113, 436, 856, 963
114: 545, 654, 749
115: 226, 872, 981
116: 339, 763
117: 452
118: 565, 678
119: 904
120: 791
127: 127
129: 254
130: 381
131: 131, 508
132: 635, 762
133: 262
134: 393, 889
135: 524
136: 655, 786
137: 137
138: 917
139: 139, 274
140: 411
141: 278, 548
142: 417, 685, 822
143: 556
144: 695, 834, 959
146: 973
149: 149
151: 151, 298
152: 447
153: 302, 596
154: 453, 745, 894
155: 604
156: 755, 906
157: 157
159: 314
160: 471
161: 628
162: 785, 942
163: 163
165: 326
166: 489
167: 167, 652
168: 815, 978
169: 334
170: 501
171: 668
172: 835
173: 173
175: 346
176: 519
177: 692
178: 865
179: 179
181: 181, 358
182: 537
183: 362, 716
184: 543, 895
185: 724
186: 905
191: 191
193: 193, 382
194: 573
195: 386, 764
196: 579, 955
197: 197, 772
198: 965
199: 199, 394
200: 591
201: 398, 788
202: 597, 985
203: 796
204: 995
211: 211
213: 422
214: 633
215: 844
223: 223
225: 446
226: 669
227: 227, 892
229: 229, 454
230: 681
231: 458, 908
232: 687
233: 233, 916
235: 466
236: 699
237: 932
239: 239
241: 241, 478
242: 717
243: 482, 956
244: 723
245: 964
251: 251
253: 502
254: 753
257: 257
259: 514
260: 771
263: 263
265: 526
266: 789
269: 269
271: 271, 538
272: 807
273: 542
274: 813
277: 277
279: 554
280: 831
281: 281
283: 283, 562
284: 843
285: 566
286: 849
293: 293
295: 586
296: 879
307: 307
309: 614
310: 921
311: 311
313: 313, 622
314: 933
315: 626
316: 939
317: 317
319: 634
320: 951
331: 331
333: 662
334: 993
337: 337
339: 674
347: 347
349: 349, 694
351: 698
353: 353
355: 706
359: 359
361: 718
367: 367
369: 734
373: 373
375: 746
379: 379
381: 758
383: 383
385: 766
389: 389
391: 778
397: 397
399: 794
401: 401
403: 802
409: 409
411: 818
419: 419
421: 421, 838
423: 842
431: 431
433: 433, 862
435: 866
439: 439
441: 878
443: 443
445: 886
449: 449
451: 898
457: 457
459: 914
461: 461
463: 463, 922
465: 926
467: 467
469: 934
479: 479
481: 958
487: 487
489: 974
491: 491
493: 982
499: 499
501: 998
503: 503
509: 509
521: 521
523: 523
541: 541
547: 547
557: 557
563: 563
569: 569
571: 571
577: 577
587: 587
593: 593
599: 599
601: 601
607: 607
613: 613
617: 617
619: 619
631: 631
641: 641
643: 643
647: 647
653: 653
659: 659
661: 661
673: 673
677: 677
683: 683
691: 691
701: 701
709: 709
719: 719
727: 727
733: 733
739: 739
743: 743
751: 751
757: 757
761: 761
769: 769
773: 773
787: 787
797: 797
809: 809
811: 811
821: 821
823: 823
827: 827
829: 829
839: 839
853: 853
857: 857
859: 859
863: 863
877: 877
881: 881
883: 883
887: 887
907: 907
911: 911
919: 919
929: 929
937: 937
941: 941
947: 947
953: 953
967: 967
971: 971
977: 977
983: 983
991: 991
997: 997
