0: 1
2: 2
3: 3
4: 4
5: 5, 6
6: 8, 9
7: 7, 10, 12
8: 15, 16, 18
9: 14, 20, 24, 27
10: 21, 25, 30, 32, 36
11: 11, 28, 40, 45, 48, 54
12: 35, 42, 50, 60, 64, 72, 81
13: 13, 22, 56, 63, 75, 80, 90, 96, 108
14: 33, 49, 70, 84, 100, 120, 128, 135, 144, 162
15: 26, 44, 105, 112, 125, 126, 150, 160, 180, 192, 216, 243
16: 39, 55, 66, 98, 140, 168, 189, 200, 225, 240, 256, 270, 288, 324
17: 17, 52, 88, 99, 147, 175, 210, 224, 250, 252, 300, 320, 360, 384, 405, 432, 486
18: 65, 77, 78, 110, 132, 196, 280, 315, 336, 375, 378, 400, 450, 480, 512, 540, 576, 648, 729
19: 19, 34, 104, 117, 165, 176, 198, 245, 294, 350, 420, 448, 500, 504, 567, 600, 640, 675, 720, 768, 810, 864, 972
20: 51, 91, 130, 154, 156, 220, 264, 297, 392, 441, 525, 560, 625, 630, 672, 750, 756, 800, 900, 960, 1024, 1080, 1152, 1215, 1296, 1458
21: 38, 68, 195, 208, 231, 234, 275, 330, 343, 352, 396, 490, 588, 700, 840, 896, 945, 1000, 1008, 1125, 1134, 1200, 1280, 1350, 1440, 1536, 1620, 1728, 1944, 2187
22: 57, 85, 102, 121, 182, 260, 308, 312, 351, 440, 495, 528, 594, 735, 784, 875, 882, 1050, 1120, 1250, 1260, 1344, 1500, 1512, 1600, 1701, 1800, 1920, 2025, 2048, 2160, 2304, 2430, 2592, 2916
23: 23, 76, 136, 153, 273, 325, 385, 390, 416, 462, 468, 550, 660, 686, 704, 792, 891, 980, 1176, 1323, 1400, 1575, 1680, 1792, 1875, 1890, 2000, 2016, 2250, 2268, 2400, 2560, 2700, 2880, 3072, 3240, 3456, 3645, 3888, 4374
24: 95, 114, 119, 143, 170, 204, 242, 364, 520, 585, 616, 624, 693, 702, 825, 880, 990, 1029, 1056, 1188, 1225, 1470, 1568, 1750, 1764, 2100, 2240, 2500, 2520, 2688, 2835, 3000, 3024, 3200, 3375, 3402, 3600, 3840, 4050, 4096, 4320, 4608, 4860, 5184, 5832, 6561
25: 46, 152, 171, 255, 272, 306, 363, 455, 539, 546, 650, 770, 780, 832, 924, 936, 1053, 1100, 1320, 1372, 1408, 1485, 1584, 1782, 1960, 2205, 2352, 2625, 2646, 2800, 3125, 3150, 3360, 3584, 3750, 3780, 4000, 4032, 4500, 4536, 4800, 5103, 5120, 5400, 5760, 6075, 6144, 6480, 6912, 7290, 7776, 8748
26: 69, 133, 169, 190, 228, 238, 286, 340, 408, 459, 484, 728, 819, 975, 1040, 1155, 1170, 1232, 1248, 1375, 1386, 1404, 1650, 1715, 1760, 1980, 2058, 2112, 2376, 2450, 2673, 2940, 3136, 3500, 3528, 3969, 4200, 4480, 4725, 5000, 5040, 5376, 5625, 5670, 6000, 6048, 6400, 6750, 6804, 7200, 7680, 8100, 8192, 8640, 9216, 9720
27: 92, 285, 304, 342, 357, 425, 429, 510, 544, 605, 612, 637, 726, 910, 1078, 1092, 1300, 1540, 1560, 1664, 1755, 1848, 1872, 2079, 2106, 2200, 2475, 2640, 2744, 2816, 2970, 3087, 3168, 3564, 3675, 3920, 4375, 4410, 4704, 5250, 5292, 5600, 6250, 6300, 6720, 7168, 7500, 7560, 8000, 8064, 8505, 9000, 9072, 9600
28: 115, 138, 187, 266, 338, 380, 456, 476, 513, 572, 680, 765, 816, 918, 968, 1089, 1365, 1456, 1617, 1625, 1638, 1925, 1950, 2080, 2310, 2340, 2401, 2464, 2496, 2750, 2772, 2808, 3159, 3300, 3430, 3520, 3960, 4116, 4224, 4455, 4752, 4900, 5346, 5880, 6272, 6615, 7000, 7056, 7875, 7938, 8400, 8960, 9375, 9450, 10000
29: 29, 184, 207, 399, 475, 507, 570, 595, 608, 684, 714, 715, 847, 850, 858, 1020, 1088, 1210, 1224, 1274, 1377, 1452, 1820, 2156, 2184, 2457, 2600, 2925, 3080, 3120, 3328, 3465, 3510, 3696, 3744, 4125, 4158, 4212, 4400, 4950, 5145, 5280, 5488, 5632, 5940, 6125, 6174, 6336, 7128, 7350, 7840, 8019, 8750, 8820, 9408
30: 161, 209, 221, 230, 276, 374, 532, 676, 760, 855, 912, 952, 1026, 1071, 1144, 1275, 1287, 1360, 1530, 1632, 1815, 1836, 1911, 1936, 2178, 2275, 2695, 2730, 2912, 3234, 3250, 3276, 3850, 3900, 4160, 4620, 4680, 4802, 4928, 4992, 5265, 5500, 5544, 5616, 6237, 6318, 6600, 6860, 7040, 7425, 7920, 8232, 8448, 8910, 9261, 9504, 9800
31: 31, 58, 345, 368, 414, 561, 665, 798, 833, 845, 950, 1001, 1014, 1140, 1190, 1216, 1368, 1428, 1430, 1539, 1694, 1700, 1716, 2040, 2176, 2295, 2420, 2448, 2548, 2754, 2904, 3267, 3640, 4095, 4312, 4368, 4851, 4875, 4914, 5200, 5775, 5850, 6160, 6240, 6656, 6875, 6930, 7020, 7203, 7392, 7488, 8250, 8316, 8424, 8575, 8800, 9477, 9900
32: 87, 247, 322, 418, 442, 460, 552, 621, 748, 1064, 1197, 1352, 1425, 1520, 1521, 1710, 1785, 1824, 1904, 2052, 2125, 2142, 2145, 2288, 2541, 2550, 2574, 2720, 3025, 3060, 3185, 3264, 3630, 3672, 3773, 3822, 3872, 4131, 4356, 4550, 5390, 5460, 5824, 6468, 6500, 6552, 7371, 7700, 7800, 8320, 8775, 9240, 9360, 9604, 9856, 9984
33: 62, 116, 483, 575, 627, 663, 690, 736, 828, 931, 935, 1122, 1183, 1330, 1331, 1596, 1666, 1690, 1900, 2002, 2028, 2280, 2380, 2432, 2565, 2736, 2856, 2860, 3078, 3213, 3388, 3400, 3432, 3825, 3861, 4080, 4352, 4590, 4840, 4896, 5096, 5445, 5508, 5733, 5808, 6534, 6825, 7280, 8085, 8125, 8190, 8624, 8736, 9625, 9702, 9750, 9828
34: 93, 145, 174, 253, 289, 494, 644, 836, 884, 920, 1035, 1104, 1242, 1496, 1683, 1995, 2128, 2375, 2394, 2499, 2535, 2704, 2850, 2975, 3003, 3040, 3042, 3420, 3570, 3575, 3648, 3808, 4104, 4235, 4250, 4284, 4290, 4459, 4576, 4617, 5082, 5100, 5148, 5440, 6050, 6120, 6370, 6528, 6885, 7260, 7344, 7546, 7644, 7744, 8262, 8712, 9100, 9801
35: 124, 232, 261, 741, 805, 966, 1045, 1105, 1150, 1254, 1309, 1326, 1380, 1472, 1573, 1656, 1862, 1863, 1870, 2244, 2366, 2660, 2662, 3192, 3332, 3380, 3591, 3800, 4004, 4056, 4275, 4560, 4563, 4760, 4864, 5130, 5355, 5472, 5712, 5720, 6156, 6375, 6426, 6435, 6776, 6800, 6864, 7623, 7650, 7722, 8160, 8704, 9075, 9180, 9555, 9680, 9792
36: 155, 186, 203, 290, 299, 323, 348, 506, 578, 988, 1288, 1449, 1672, 1725, 1768, 1840, 1881, 1989, 2070, 2208, 2484, 2793, 2805, 2992, 3325, 3366, 3549, 3990, 3993, 4165, 4225, 4256, 4750, 4788, 4998, 5005, 5070, 5408, 5700, 5929, 5950, 6006, 6080, 6084, 6840, 7140, 7150, 7296, 7616, 7695, 8208, 8470, 8500, 8568, 8580, 8918, 9152, 9234, 9639
37: 37, 248, 279, 435, 464, 522, 759, 867, 1127, 1235, 1463, 1482, 1547, 1610, 1859, 1932, 2090, 2210, 2300, 2508, 2618, 2652, 2760, 2944, 3105, 3146, 3312, 3724, 3726, 3740, 4488, 4732, 5049, 5320, 5324, 5985, 6384, 6664, 6760, 7125, 7182, 7497, 7600, 7605, 8008, 8112, 8550, 8925, 9009, 9120, 9126, 9520, 9728
38: 217, 310, 361, 372, 406, 580, 598, 646, 696, 783, 1012, 1156, 1976, 2223, 2415, 2576, 2875, 2898, 3135, 3315, 3344, 3450, 3536, 3680, 3762, 3927, 3978, 4140, 4416, 4655, 4675, 4719, 4968, 5586, 5589, 5610, 5831, 5915, 5984, 6650, 6655, 6732, 7007, 7098, 7980, 7986, 8330, 8450, 8512, 9500, 9576, 9996
39: 74, 465, 496, 558, 609, 725, 870, 897, 928, 969, 1044, 1265, 1445, 1518, 1729, 1734, 2057, 2197, 2254, 2470, 2926, 2964, 3094, 3220, 3718, 3864, 4180, 4347, 4420, 4600, 5016, 5175, 5236, 5304, 5520, 5643, 5888, 5967, 6210, 6292, 6624, 7448, 7452, 7480, 8379, 8415, 8976, 9464, 9975
40: 111, 319, 391, 434, 620, 722, 744, 812, 837, 1160, 1196, 1292, 1305, 1392, 1566, 2024, 2277, 2312, 2601, 3381, 3705, 3952, 4025, 4389, 4446, 4641, 4830, 5152, 5225, 5525, 5577, 5750, 5796, 6270, 6517, 6545, 6630, 6688, 6900, 7072, 7360, 7524, 7854, 7865, 7956, 8280, 8281, 8832, 9310, 9315, 9317, 9350, 9438, 9936
41: 41, 148, 651, 775, 930, 992, 1015, 1083, 1116, 1218, 1450, 1495, 1615, 1740, 1771, 1794, 1856, 1938, 2023, 2088, 2299, 2349, 2431, 2530, 2890, 3036, 3458, 3468, 4114, 4394, 4508, 4940, 5852, 5928, 6188, 6440, 6669, 7245, 7436, 7728, 8360, 8625, 8694, 8840, 9200, 9405, 9945
42: 185, 222, 341, 377, 437, 638, 782, 868, 1240, 1395, 1444, 1488, 1624, 1674, 1827, 2175, 2320, 2392, 2584, 2610, 2691, 2784, 2907, 3132, 3795, 4048, 4335, 4554, 4624, 5187, 5202, 5635, 6171, 6175, 6591, 6762, 7315, 7410, 7735, 7904, 8050, 8778, 8892, 9163, 9282, 9295, 9660
43: 43, 82, 296, 333, 957, 1085, 1173, 1302, 1421, 1550, 1805, 1860, 1984, 2030, 2093, 2166, 2232, 2261, 2436, 2511, 2717, 2873, 2900, 2990, 3230, 3480, 3542, 3588, 3712, 3876, 3915, 4046, 4176, 4598, 4698, 4862, 5060, 5780, 6072, 6831, 6916, 6936, 7803, 8228, 8788, 9016, 9880
44: 123, 259, 370, 403, 444, 682, 754, 874, 1276, 1564, 1736, 1953, 2325, 2480, 2790, 2888, 2976, 3045, 3248, 3249, 3348, 3625, 3654, 4350, 4485, 4640, 4784, 4845, 5168, 5220, 5313, 5382, 5568, 5814, 6069, 6264, 6325, 6897, 7047, 7225, 7293, 7590, 7889, 8096, 8645, 8670, 9108, 9248
45: 86, 164, 555, 592, 666, 1023, 1131, 1311, 1519, 1595, 1914, 1955, 2170, 2346, 2527, 2604, 2783, 2842, 3100, 3179, 3211, 3610, 3720, 3968, 4060, 4185, 4186, 4332, 4464, 4522, 4872, 5022, 5434, 5481, 5746, 5800, 5980, 6460, 6525, 6960, 7084, 7176, 7424, 7752, 7830, 8073, 8092, 8352, 8721, 9196, 9396, 9724
46: 129, 205, 246, 493, 518, 529, 740, 806, 888, 999, 1364, 1508, 1748, 2552, 2871, 3128, 3255, 3472, 3519, 3875, 3906, 4263, 4650, 4960, 5075, 5415, 5580, 5776, 5952, 6090, 6279, 6496, 6498, 6696, 6783, 7250, 7308, 7475, 7533, 8075, 8151, 8619, 8700, 8855, 8970, 9280, 9568, 9690
47: 47, 172, 328, 369, 777, 925, 1110, 1184, 1209, 1332, 1705, 1885, 2046, 2185, 2233, 2262, 2622, 2737, 3038, 3190, 3289, 3553, 3757, 3828, 3910, 4340, 4692, 5054, 5208, 5566, 5684, 5859, 6200, 6358, 6422, 6975, 7220, 7440, 7936, 8120, 8370, 8372, 8664, 8928, 9044, 9135, 9744, 9747
48: 215, 258, 287, 407, 410, 492, 527, 551, 986, 1036, 1058, 1480, 1612, 1665, 1776, 1998, 2728, 3016, 3069, 3393, 3496, 3933, 4557, 4785, 5104, 5425, 5742, 5865, 6256, 6510, 6944, 7038, 7105, 7581, 7750, 7812, 8349, 8526, 9025, 9300, 9537, 9633, 9920
49: 94, 344, 387, 615, 656, 738, 1295, 1479, 1554, 1587, 1850, 2015, 2220, 2368, 2387, 2418, 2639, 2664, 2997, 3059, 3410, 3770, 3887, 3971, 4092, 4199, 4370, 4466, 4524, 5244, 5474, 6076, 6380, 6578, 7106, 7514, 7656, 7820, 8613, 8680, 9384, 9765
50: 141, 301, 430, 481, 516, 574, 589, 814, 820, 984, 1054, 1102, 1107, 1972, 2072, 2116, 2331, 2775, 2960, 3224, 3330, 3552, 3627, 3996, 5115, 5456, 5655, 6032, 6138, 6555, 6699, 6786, 6992, 7595, 7866, 7975, 8211, 9114, 9570, 9775, 9867, 9947
51: 188, 645, 688, 774, 861, 1025, 1221, 1230, 1312, 1476, 1581, 1653, 1813, 2465, 2590, 2645, 2821, 2958, 3108, 3174, 3509, 3700, 4030, 4301, 4440, 4693, 4736, 4774, 4836, 4913, 4995, 5278, 5328, 5994, 6118, 6820, 7540, 7774, 7942, 8184, 8398, 8740, 8932, 9048, 9207
52: 235, 282, 451, 602, 667, 860, 962, 1032, 1148, 1161, 1178, 1628, 1640, 1845, 1968, 2108, 2204, 2214, 3885, 3944, 4144, 4232, 4437, 4625, 4662, 4761, 5550, 5920, 6045, 6448, 6660, 7104, 7161, 7254, 7917, 7992, 8525, 8991, 9177, 9425
53: 53, 376, 423, 903, 1075, 1290, 1376, 1435, 1443, 1548, 1722, 1767, 2035, 2050, 2442, 2460, 2624, 2635, 2755, 2952, 3162, 3306, 3321, 3451, 3626, 3703, 3751, 4147, 4807, 4930, 5083, 5180, 5290, 5491, 5642, 5916, 6216, 6348, 6993, 7018, 7400, 8060, 8325, 8602, 8880, 9386, 9472, 9548, 9672, 9826, 9990
54: 329, 470, 473, 533, 564, 629, 713, 902, 1204, 1334, 1720, 1924, 1935, 2064, 2296, 2322, 2356, 2583, 3075, 3256, 3280, 3663, 3690, 3936, 4216, 4408, 4428, 4743, 4959, 5439, 6475, 7395, 7770, 7888, 7935, 8288, 8463, 8464, 8874, 9250, 9324, 9522
55: 106, 705, 752, 846, 1353, 1505, 1806, 2001, 2009, 2150, 2405, 2580, 2752, 2849, 2870, 2886, 2945, 3096, 3444, 3483, 3534, 3689, 3857, 4070, 4100, 4433, 4884, 4901, 4920, 5248, 5270, 5510, 5535, 5681, 5904, 6137, 6324, 6612, 6642, 6902, 7252, 7406, 7502, 8294, 9614, 9860
56: 159, 559, 658, 703, 940, 946, 1066, 1128, 1258, 1269, 1426, 1804, 2408, 2668, 2709, 3225, 3440, 3848, 3870, 4128, 4305, 4329, 4592, 4644, 4712, 5125, 5166, 5301, 6105, 6150, 6512, 6560, 7326, 7380, 7872, 7905, 8265, 8432, 8816, 8856, 9065, 9486, 9918, 9963
57: 212, 987, 1175, 1410, 1419, 1504, 1599, 1692, 1887, 2107, 2139, 2255, 2706, 3010, 3335, 3367, 3612, 4002, 4018, 4123, 4300, 4810, 5160, 5239, 5423, 5504, 5698, 5740, 5772, 5805, 5819, 5890, 6192, 6647, 6859, 6888, 6966, 7068, 7378, 7714, 7749, 8140, 8200, 8866, 9225, 9768, 9802, 9840
58: 265, 318, 517, 697, 841, 1118, 1316, 1406, 1880, 1892, 2115, 2132, 2256, 2516, 2538, 2852, 3608, 4059, 4515, 4816, 5336, 5375, 5418, 6003, 6027, 6450, 6880, 7175, 7215, 7696, 7740, 8256, 8547, 8610, 8658, 8835, 9184, 9288, 9424
59: 59, 424, 477, 1645, 1677, 1974, 2109, 2350, 2365, 2665, 2820, 2838, 3008, 3145, 3157, 3198, 3384, 3565, 3774, 3807, 4214, 4278, 4477, 4510, 4669, 5412, 5797, 6020, 6061, 6409, 6670, 6734, 6877, 7224, 7429, 8004, 8036, 8127, 8246, 8600, 9620, 9675
60: 371, 530, 611, 636, 731, 779, 851, 899, 1034, 1394, 1682, 2236, 2632, 2812, 2961, 3525, 3760, 3784, 4230, 4257, 4264, 4512, 4797, 5032, 5076, 5661, 5704, 6321, 6417, 6765, 7216, 7525, 8118, 9030, 9632
61: 61, 118, 795, 848, 954, 1551, 2091, 2303, 2523, 2795, 3290, 3311, 3354, 3515, 3731, 3948, 4218, 4403, 4700, 4730, 4991, 5291, 5330, 5640, 5676, 6016, 6290, 6314, 6345, 6396, 6479, 6768, 6851, 7130, 7163, 7548, 7614, 8303, 8428, 8556, 8954, 9020, 9338
62: 177, 742, 817, 961, 1060, 1222, 1272, 1431, 1462, 1558, 1702, 1798, 2068, 2788, 3364, 4472, 4935, 5031, 5264, 5624, 5875, 5922, 6327, 7050, 7095, 7520, 7568, 7995, 8460, 8514, 8528, 9024, 9435, 9471, 9594
63: 122, 236, 1113, 1325, 1590, 1696, 1833, 1908, 2193, 2337, 2553, 2585, 2697, 3102, 3485, 3913, 4182, 4205, 4606, 4921, 4961, 5046, 5590, 6253, 6580, 6622, 6708, 7030, 7337, 7462, 7657, 7896, 8381, 8436, 8806, 8883, 8993, 9400, 9460, 9982
64: 183, 295, 354, 583, 799, 943, 1484, 1634, 1922, 2120, 2385, 2444, 2544, 2862, 2924, 3116, 3404, 3596, 4136, 4653, 5576, 6273, 6728, 6909, 7569, 8225, 8385, 8944, 9870, 9933
65: 244, 472, 531, 1855, 2226, 2451, 2650, 2883, 3055, 3180, 3392, 3619, 3655, 3666, 3816, 3895, 4255, 4293, 4386, 4495, 4674, 4879, 5106, 5170, 5203, 5394, 5863, 5887, 6204, 6919, 6970, 7826, 7843, 8364, 8410, 8671, 8959, 9212, 9367, 9842, 9922
66: 305, 366, 413, 590, 689, 708, 893, 989, 1073, 1166, 1598, 1886, 2968, 3268, 3339, 3844, 3975, 4240, 4770, 4888, 5088, 5499, 5724, 5848, 6232, 6579, 6808, 7011, 7192, 7659, 7755, 8091, 8272, 9306
67: 67, 488, 549, 885, 944, 1062, 1749, 2397, 2597, 2829, 3710, 4085, 4277, 4452, 4805, 4902, 5117, 5300, 5453, 5766, 5957, 6110, 6149, 6293, 6360, 6784, 6929, 7155, 7238, 7310, 7332, 7632, 7733, 7790, 8177, 8510, 8586, 8772, 8990, 9269, 9348, 9758
68: 427, 610, 732, 826, 1147, 1180, 1378, 1416, 1593, 1786, 1978, 2146, 2332, 3196, 3772, 5565, 5936, 6536, 6625, 6678, 7353, 7688, 7950, 8480, 8649, 9165, 9540, 9776
69: 134, 915, 976, 1098, 1239, 1475, 1770, 1888, 2067, 2124, 2679, 2915, 2967, 3219, 3498, 3995, 4715, 4794, 5194, 5658, 5687, 5719, 6727, 7267, 7420, 7667, 8170, 8554, 8904, 9139, 9251, 9610, 9804
70: 201, 649, 854, 901, 1081, 1189, 1220, 1464, 1647, 1652, 2294, 2360, 2655, 2756, 2832, 3186, 3572, 3956, 4292, 4664, 5247, 6392, 7191, 7544, 7791, 8487, 9275
71: 71, 268, 1281, 1525, 1830, 1952, 2065, 2196, 2478, 2950, 3441, 3445, 3540, 3776, 4081, 4134, 4248, 4465, 4779, 4945, 5358, 5365, 5593, 5830, 5934, 6438, 6601, 6721, 6996, 7990, 8041, 8569, 9061, 9361, 9430, 9588, 9889
72: 335, 402, 671, 767, 1007, 1247, 1271, 1298, 1708, 1802, 2162, 2378, 2440, 2745, 2928, 3294, 3304, 3717, 4425, 4588, 4720, 5310, 5512, 5664, 6201, 6372, 7144, 7912, 8037, 8584, 8745, 8901, 9328, 9657
73: 73, 142, 536, 603, 1947, 2135, 2562, 2703, 2891, 3050, 3243, 3567, 3660, 3904, 4130, 4392, 4823, 4941, 4956, 5735, 5900, 6251, 6882, 6890, 6923, 7080, 7511, 7552, 7943, 7965, 8162, 8268, 8496, 8930, 8987, 9503, 9558, 9890
74: 213, 469, 670, 793, 804, 1333, 1342, 1369, 1534, 2014, 2494, 2542, 2596, 3416, 3604, 3843, 4324, 4575, 4756, 4880, 5490, 5856, 6195, 6588, 6608, 7375, 7434, 8850, 9176, 9440
75: 146, 284, 1005, 1072, 1206, 2013, 2301, 2989, 3021, 3245, 3741, 3813, 3894, 4270, 4505, 5124, 5405, 5406, 5782, 5945, 6100, 6413, 6486, 7134, 7320, 7808, 8029, 8235, 8260, 8784, 8789, 9646, 9882, 9912
76: 219, 355, 426, 938, 1003, 1219, 1340, 1363, 1586, 1608, 1809, 2666, 2684, 2738, 3068, 4028, 4988, 5084, 5192, 5841, 6405, 6832, 7208, 7625, 7686, 8109, 8648, 8673, 9150, 9512, 9729, 9760
77: 292, 568, 639, 1407, 1675, 2010, 2144, 2379, 2412, 3355, 3835, 3999, 4026, 4107, 4543, 4602, 5035, 5978, 6042, 6235, 6307, 6355, 6490, 7482, 7567, 7579, 7626, 7788, 8323, 8540, 9010, 9823
78: 365, 438, 497, 710, 737, 852, 1037, 1121, 1457, 1517, 1876, 2006, 2438, 2680, 2726, 3015, 3172, 3216, 3618, 5332, 5368, 5476, 6039, 6136, 6903, 8056, 8967, 9063, 9735, 9976
79: 79, 584, 657, 1065, 1136, 1278, 2345, 2814, 3009, 3350, 3657, 3965, 4020, 4089, 4288, 4697, 4758, 4824, 5369, 5427, 6665, 6710, 6845, 7049, 7670, 7998, 8052, 8214, 8729, 8897, 8957, 9086, 9204
80: 511, 730, 871, 876, 994, 1159, 1420, 1474, 1591, 1704, 1917, 2074, 2242, 2914, 3034, 3752, 4012, 4221, 4876, 5025, 5360, 5452, 6030, 6344, 6432, 7137, 7236
81: 158, 1095, 1168, 1314, 1491, 1775, 2130, 2211, 2272, 2556, 3111, 3283, 3363, 4371, 4551, 4690, 5015, 5551, 5628, 6018, 6095, 6700, 6815, 7139, 7314, 7930, 8040, 8178, 8576, 9045, 9331, 9394, 9516, 9583, 9648, 9911
82: 237, 781, 1022, 1357, 1460, 1537, 1681, 1742, 1752, 1971, 1988, 2318, 2840, 2948, 3182, 3195, 3408, 3834, 4148, 4484, 5828, 6068, 7035, 7504, 8024, 8375, 8442, 9027, 9752
83: 83, 316, 1533, 1825, 2190, 2336, 2485, 2613, 2628, 2982, 3477, 3550, 3685, 4260, 4422, 4544, 4773, 5112, 5185, 5605, 5751, 6222, 6566, 6726, 7021, 7285, 7381, 7585, 8437, 8533, 8742, 9102, 9380, 9541
84: 395, 474, 803, 923, 1139, 1403, 1562, 1643, 1739, 1763, 2044, 2714, 2920, 3074, 3285, 3362, 3484, 3504, 3942, 3976, 4473, 4636, 5325, 5680, 5896, 6364, 6390, 6633, 6816, 7668, 8296, 8968, 9333, 9849
85: 166, 632, 711, 2343, 2555, 3066, 3479, 3650, 4071, 4355, 4380, 4611, 4672, 4970, 5043, 5159, 5226, 5256, 5795, 5913, 5964, 6954, 7100, 7259, 7370, 7847, 7955, 8520, 8723, 8844, 9088, 9546, 9585, 9971
86: 249, 553, 790, 948, 949, 1273, 1606, 1846, 1849, 2278, 2806, 3124, 3286, 3478, 3526, 4088, 4599, 5428, 5475, 5840, 6148, 6570, 6724, 6968, 7008, 7455, 7839, 7884, 7952, 8875, 8946, 9272
87: 332, 1185, 1264, 1422, 2409, 2769, 3417, 3577, 3905, 4209, 4686, 4929, 5110, 5217, 5289, 6097, 6132, 6785, 6958, 7300, 7685, 8113, 8142, 8405, 8710, 8760, 9222, 9344, 9855, 9940
88: 415, 498, 1106, 1207, 1580, 1711, 1896, 1898, 1927, 2133, 2546, 3212, 3692, 3698, 4556, 5612, 6248, 6572, 6956, 7029, 7052, 7665, 8176, 9125, 9198
89: 89, 664, 747, 1659, 1975, 2370, 2528, 2844, 2847, 3819, 4015, 4615, 4818, 5467, 5538, 5547, 5695, 6834, 7015, 7154, 7810, 8107, 8215, 8418, 8695, 8815, 9372, 9499, 9858
90: 581, 830, 869, 996, 1241, 1349, 1541, 1769, 1829, 1961, 2021, 2212, 2414, 3160, 3422, 3555, 3792, 3796, 3854, 4266, 5092, 6424, 7227, 7384, 7396, 8307, 9112
91: 178, 1245, 1328, 1494, 2765, 3318, 3621, 3950, 4740, 4745, 5056, 5133, 5621, 5688, 5694, 5781, 6365, 6399, 6461, 7638, 7973, 8030, 9230, 9245, 9581, 9636, 9821
92: 267, 1027, 1162, 1387, 1660, 1738, 1891, 1992, 2241, 2482, 2698, 3082, 3538, 3658, 3922, 4042, 4424, 4828, 4977, 5925, 6320, 6844, 7110, 7584, 7592, 7708, 8532, 8541
93: 356, 1743, 2075, 2490, 2607, 2656, 2988, 3723, 3871, 4047, 4623, 5307, 5487, 5530, 5883, 6035, 6063, 6636, 6643, 7242, 7900, 8555, 8591, 8911, 9480, 9490, 9635
94: 445, 534, 913, 1633, 2054, 2173, 2209, 2324, 2774, 3320, 3476, 3735, 3782, 3984, 4482, 4964, 5396, 6164, 7076, 7316, 7844, 8084, 8295, 8848, 9656, 9875, 9954
95: 712, 801, 2905, 3081, 3486, 4150, 4161, 4345, 4980, 5214, 5312, 5673, 5976, 6205, 6723, 6745, 7446, 7705, 7742, 8094, 8449, 8833, 8845, 9145, 9246, 9805
96: 623, 890, 1068, 1079, 1343, 1679, 1826, 1943, 2183, 2279, 3266, 4108, 4346, 4418, 4648, 5229, 5548, 6225, 6640, 6952, 7470, 7564, 7821, 7968, 8964, 9928
97: 97, 1335, 1424, 1602, 2739, 4067, 4899, 5135, 5810, 6083, 6162, 6519, 6627, 6935, 6972, 8300, 8322, 8687, 8690, 9443, 9455, 9960
98: 1246, 1501, 1780, 2077, 2136, 2158, 2257, 2403, 2686, 3358, 3652, 3886, 4366, 4558, 6532, 8216, 8692, 8715, 8836, 9243, 9296
99: 194, 1869, 2225, 2670, 2848, 3204, 3237, 4029, 4565, 5037, 5478, 5829, 6549, 6837, 7189, 8134, 8165, 9709, 9798
100: 291, 979, 1411, 2059, 2419, 2491, 2492, 3002, 3560, 4005, 4154, 4272, 4316, 4514, 4806, 5372, 6716, 7304, 7772, 8217, 8732, 9116
101: 101, 388, 3115, 3738, 4450, 4503, 5340, 5395, 5696, 6231, 6391, 6408, 6474, 6715, 6771, 7209, 8058, 8395, 9130, 9559, 9715
102: 485, 582, 1157, 1577, 1817, 1958, 2117, 2201, 2501, 2537, 2822, 4118, 4838, 4982, 4984, 5607, 6004, 6675, 7120, 8010, 8308, 8544, 8632, 9028, 9612, 9711
103: 103, 202, 776, 873, 2937, 4233, 4361, 6177, 6230, 7257, 7473, 7476, 7505, 7553, 8900, 9006, 9401
104: 303, 679, 970, 1164, 2263, 2314, 2479, 2623, 3154, 3634, 3916, 4234, 4402, 5002, 5074, 5644, 8236, 9345, 9676, 9964, 9968
105: 206, 404, 1455, 1552, 1746, 3471, 4731, 4895, 5451, 5874, 6351, 6603, 7055, 7503, 7611, 8466, 8722
106: 309, 505, 606, 1358, 1513, 1909, 1940, 2328, 2619, 2773, 2809, 4526, 4628, 4958, 5246, 6308, 7268, 7832, 8468, 8804, 8811
107: 107, 412, 808, 909, 2037, 2425, 2910, 3104, 3492, 5785, 6789, 6853, 6942, 7437, 7869, 7885, 9085, 9462, 9790, 9877
108: 515, 618, 707, 1010, 1067, 1212, 1691, 2291, 2627, 2716, 2747, 2867, 3026, 3818, 3880, 4365, 4656, 5238, 5546, 5618, 9052, 9256, 9916
109: 109, 214, 824, 927, 1515, 1616, 1818, 3395, 4074, 4539, 4850, 5727, 5820, 6208, 6984, 7857, 8099, 8319, 8427
110: 321, 721, 1030, 1236, 1261, 1414, 2020, 2134, 2424, 2449, 2701, 2727, 2881, 3382, 4582, 5254, 5432, 5494, 5734, 6052, 6111, 7275, 7636, 7760, 8730, 9312
111: 218, 428, 1545, 1648, 1854, 2121, 2525, 3030, 3201, 3232, 3636, 4753, 5073, 6790, 6873, 7565, 7881, 8148, 8241, 8601, 9078, 9545, 9700
112: 327, 535, 642, 1111, 1442, 2047, 2060, 2407, 2472, 2522, 2781, 2828, 2911, 3127, 4040, 4268, 4545, 4848, 4898, 5402, 5454, 5762, 6764, 9164
113: 113, 436, 856, 963, 2163, 2575, 3090, 3296, 3535, 3708, 3783, 4242, 5050, 5335, 6060, 6402, 6464, 7272, 7347, 8103, 8181, 8455, 8643, 9506
114: 545, 654, 749, 1070, 1133, 1284, 1313, 1649, 2222, 2573, 2884, 2993, 3053, 3149, 3233, 4094, 4120, 4635, 4814, 4944, 5044, 5562, 5656, 5822, 6254, 6363, 7575, 8080, 8536, 9090, 9603, 9696, 9796
115: 226, 872, 981, 1605, 1712, 1926, 3333, 3605, 4326, 4949, 5150, 6141, 6180, 6305, 6592, 7070, 7221, 7416, 7469, 7566, 8343, 8484, 8733, 9381
116: 339, 763, 1090, 1308, 1339, 1498, 1843, 2140, 2266, 2568, 2626, 2889, 2923, 3139, 3298, 4444, 5146, 5768, 5986, 6106, 6298, 6466, 6489, 7725, 8188, 8240, 9270, 9628, 9888
117: 452, 1635, 1744, 1962, 2247, 2675, 3210, 3399, 3424, 3852, 3939, 4947, 5047, 5555, 6666, 7210, 7719, 8652, 8827, 8979, 9159, 9447, 9699, 9898
118: 565, 678, 1177, 1526, 1717, 2180, 2581, 2616, 2678, 2943, 2996, 3337, 3481, 3686, 4280, 4532, 4815, 5136, 5252, 5778, 5846, 6278, 6596, 8888, 9999
119: 904, 1017, 2289, 2725, 3270, 3488, 3745, 3924, 4017, 4494, 5350, 5529, 5665, 6420, 6565, 6798, 6848, 7704, 7777, 7878, 8245, 8667, 8769, 9417, 9894
120: 791, 1130, 1199, 1356, 1391, 1751, 1919, 2231, 2354, 2759, 3052, 3071, 3239, 3431, 3434, 3551, 3599, 4360, 4905, 5162, 5232, 5356, 5886, 5992, 6674, 6741, 6962, 7372, 8025, 8560, 9064, 9630
121: 1695, 1808, 2034, 3531, 3815, 4578, 5151, 5243, 5450, 6540, 6695, 6976, 7490, 7743, 7848, 7931, 8034, 8829, 8988, 9191, 9215
122: 1417, 1582, 1957, 2260, 2398, 2712, 2782, 3051, 3397, 3502, 3721, 3838, 4462, 4708, 5518, 6104, 6142, 6478, 6862, 6867, 6868, 7102, 7198, 8175, 8720, 9810
123: 2373, 2825, 3390, 3597, 3616, 4068, 4173, 5253, 5341, 5757, 5885, 6693, 7062, 7630, 8277, 8585, 9156, 9213, 9373, 9717
124: 1243, 1819, 2323, 2834, 3164, 3403, 3763, 3914, 4520, 4796, 5085, 5424, 5564, 6102, 6794, 7004, 7442, 7676, 8924, 9416
125: 3955, 4251, 4746, 5650, 5871, 5995, 6780, 6955, 7194, 7232, 8136, 8239, 8346, 8755, 9153, 9595
126: 1469, 1853, 2033, 2369, 2486, 2813, 3293, 3569, 3638, 3713, 3869, 3953, 4646, 5668, 6328, 6806, 7119, 7526, 7828, 8475, 9040, 9592
127: 127, 3729, 5457, 5537, 6969, 7085, 7910, 8393, 8502, 9492, 9737, 9785
128: 2071, 2938, 3007, 3706, 4066, 4087, 4738, 4972, 5626, 6586, 7138, 7276, 7426, 7738, 7906, 9292
129: 254, 4407, 5559, 6099, 6215, 7107, 7458, 8439, 9095, 9879, 9919
130: 381, 1921, 2461, 2929, 3649, 3901, 4142, 4189, 5876, 6014, 7412, 8132, 8174, 9476, 9944
131: 131, 508, 6213, 7345, 8701, 8814, 9021, 9265
132: 635, 762, 2147, 2507, 2987, 3131, 3827, 3842, 4187, 4307, 4331, 4922, 5858, 7298, 7802, 8284, 8378
133: 262, 1016, 1143, 5763, 7383, 8787
134: 393, 889, 1270, 1524, 3193, 3589, 4294, 4453, 4489, 5014, 5974, 6262, 7654, 7684, 8374, 8614, 8662, 9844
135: 524, 1905, 2032, 2286, 6441, 7521, 8961, 9393, 9605
136: 655, 786, 1778, 2540, 2599, 3048, 3103, 3429, 4183, 4399, 6386, 7178, 8588, 8906, 8978
137: 137, 1048, 1179, 2667, 3175, 3810, 4064, 4572, 9579
138: 917, 1310, 1397, 1572, 3161, 3317, 3556, 3737, 3977, 4661, 4757, 5080, 5198, 5715, 6096, 6206, 6858, 8366, 8798
139: 139, 274, 1965, 2096, 2358, 4445, 5334, 6350, 7620, 7797, 8128, 9144, 9309
140: 411, 1651, 1834, 2620, 2794, 3144, 3379, 3537, 3811, 4171, 4819, 4891, 6322, 6634, 7112, 7474, 7954, 8001, 9322, 9514, 9525
141: 278, 548, 2751, 3275, 3930, 4191, 4192, 4716, 6223, 8890, 9483, 9951
142: 417, 685, 822, 1441, 3277, 3302, 3668, 4141, 4717, 4897, 5041, 5240, 5588, 5895, 6288, 6758, 7074, 7622, 8342, 9638, 9782
143: 556, 1096, 1233, 4585, 4953, 5502, 6550, 6985, 7860, 8382, 8384, 9432
144: 695, 834, 959, 1370, 1644, 1703, 2159, 2882, 3503, 3959, 4223, 4343, 4559, 5063, 5183, 6554, 6604, 7336, 8253, 8282, 9434, 9794, 9825
145: 1112, 1251, 2055, 2192, 2466, 4323, 6419, 8255, 9170, 9779, 9831, 9906
146: 973, 1390, 1668, 1918, 2413, 2740, 3288, 3406, 3699, 4033, 4318, 4429, 5293, 5329, 5764, 7006, 7918, 8446, 8686, 9118
147: 2085, 2224, 2502, 2877, 3425, 4110, 4384, 4932, 5109, 6477, 7205, 8646
148: 1507, 1946, 2227, 2780, 3336, 3753, 3836, 4387, 4747, 4826, 5251, 5480, 6165, 6576, 6812, 7398, 8066, 8636, 8858
149: 149, 2919, 3475, 4170, 4448, 4795, 5004, 5754, 6850, 7239, 8220, 8515, 8768, 9864
150: 1529, 1781, 2489, 2921, 3014, 3892, 4181, 4454, 4469, 4601, 4841, 5141, 5429, 5560, 5561, 5609, 6255, 6672, 7506, 7672, 8631, 8774, 9494, 9652
151: 151, 298, 4521, 4865, 5838, 6681, 6713, 6950, 8340, 8896, 9590
152: 447, 1807, 3058, 3562, 4687, 4978, 5767, 5842, 6028, 7784, 8362, 8757, 8908, 8938, 9202, 9682
153: 302, 596, 4587, 5343, 6811, 7467, 7535, 8763, 9042, 9730
154: 453, 745, 894, 2329, 3013, 3614, 4633, 5029, 5353, 5893, 6116, 7124, 9374, 9956
155: 604, 1192, 1341, 5421, 7645, 8905, 9174
156: 755, 906, 1043, 1490, 1788, 2363, 2603, 3683, 4658, 4859, 5123, 5459, 5723, 5963, 6026, 6059, 7228, 9266
157: 157, 1208, 1359, 2235, 2384, 2682, 6987, 9035, 9039
158: 1057, 1510, 1812, 2086, 2641, 2980, 3576, 3937, 4023, 4726, 5206, 5917, 6241, 7366, 9316, 9718
159: 314, 2265, 2416, 2718, 3129, 3725, 4470, 4768, 5364, 7089, 7809
160: 471, 1639, 2114, 3020, 3151, 3624, 3799, 4077, 4172, 5282, 5311, 5671, 5959, 5960, 6319, 6705, 7152, 7874, 8046, 9452
161: 628, 3171, 3775, 4530, 4832, 5215, 5436, 6258, 7450, 7923, 8940, 9536
162: 785, 942, 1661, 1937, 3197, 3278, 4061, 4228, 5777, 6040, 6077, 6161, 6302, 6497, 6557, 6795, 7248, 7598, 8154, 8344, 9387
163: 163, 1256, 1413, 4917, 5285, 6342, 7301, 7550, 9060, 9453, 9664
164: 1099, 1570, 1884, 1963, 3322, 3874, 4699, 6283, 6394, 6499, 6556, 8122, 8456, 9513
165: 326, 2355, 2512, 2826, 4983, 5811, 7399, 8195, 9591, 9834
166: 489, 2198, 2533, 3140, 3768, 3926, 3973, 4239, 5989, 6313, 6644, 6889, 7748, 9398
167: 167, 652, 3297, 3925, 4710, 5024, 5652, 5889, 8305, 9685, 9966
168: 815, 978, 1727, 2567, 2831, 4031, 4247, 4396, 4847, 5066, 5207, 6280, 6431, 6527, 6767, 6887, 7031, 7065, 7536, 7852, 7946, 8478
169: 334, 1304, 1467, 5495, 6594, 7599, 7850, 9420, 9815
170: 501, 1141, 1630, 1956, 2041, 2869, 3454, 4309, 5134, 5461, 5662, 6649, 6901, 7081, 8062, 8494, 8792, 9694, 9891
171: 668, 2445, 2608, 2934, 5181, 7693, 7701, 8493
172: 835, 1002, 2282, 3260, 3427, 3912, 4082, 4401, 5371, 5738, 6667, 6908, 7171, 7387, 8618
173: 173, 1336, 1503, 3423, 4075, 4890, 5216, 5868, 6123, 8607, 8635
174: 1169, 1670, 1793, 2004, 2669, 3473, 4564, 5069, 5633, 5969, 6520, 6854, 6893, 7169, 7313, 7335, 7373, 7824, 8164, 8802
175: 346, 2505, 2672, 3006, 5705, 6846, 8150, 9780
176: 519, 2119, 2338, 2983, 3340, 3586, 4008, 4509, 5143, 5338, 6946, 7303, 7519, 7663, 9128
177: 692, 3507, 4175, 5010, 5344, 5379, 6012, 7987, 8007
178: 865, 1038, 1837, 4238, 4321, 4676, 5617, 5966, 6157, 6680, 7172, 7515, 7597, 7921, 8016, 9018
179: 179, 1384, 1557, 5845, 6357, 7014, 8350, 8949, 8965
180: 1211, 1730, 2076, 2171, 2771, 3611, 3674, 4379, 4619, 5699, 5891, 6731, 7571, 7739, 7811, 7979, 8051, 8476, 8642, 9352
181: 181, 358, 2595, 2768, 3114, 5511, 8183
182: 537, 2422, 3097, 3460, 4152, 4342, 4671, 4681, 5542, 5977, 7222, 7348, 7957, 8137, 8758, 9238
183: 362, 716, 3633, 4325, 5190, 5536, 6228, 6513, 8313, 9185
184: 543, 895, 1074, 1903, 2839, 4844, 6194, 6439, 6920, 6943, 7785, 8023, 8304, 8383, 8684, 9342, 9362
185: 724, 1432, 1611, 6055, 7266, 8650, 9291
186: 905, 1086, 1253, 1790, 2148, 2249, 3173, 3749, 3806, 4553, 5513, 5678, 6533, 7493, 8249, 8453, 8549, 8633, 9688
187: 1448, 1629, 2685, 2864, 3222, 5709, 8477, 8517
188: 1267, 1810, 2172, 2506, 3580, 4296, 4498, 4833, 4867, 5587, 6346, 7498, 7612, 7747, 8611, 9106
189: 2715, 2896, 3258, 3759, 4475, 5370, 5728, 6444, 6747, 9515, 9519
190: 1969, 2534, 2941, 3620, 3841, 4344, 4887, 5012, 6109, 7160, 7261, 7729, 8055, 8592, 8881, 8989, 8996, 9666, 9734
191: 191, 3801, 4525, 5430, 5792, 6265, 6516, 7518, 8950
192: 1991, 2327, 3287, 3938, 4727, 5068, 5882, 6191, 6407, 7240, 7367, 7682, 7991, 8145, 8688, 8927, 9047, 9167, 9774
193: 193, 382, 5907, 6335, 7602, 8771, 8823, 9050
194: 573, 2353, 3982, 4654, 5053, 5809, 6493, 6574, 7876, 8509, 9409, 9454
195: 386, 764, 5973, 6981, 8869, 9845, 9861
196: 579, 955, 1146, 3043, 3979, 4706, 4843, 7003, 7964, 8083, 9308, 9379, 9523
197: 197, 772, 1528, 1719, 7059, 9955
198: 965, 1158, 1337, 1910, 2292, 3077, 3401, 5177, 6086, 6437, 7097, 7958, 8201, 8357, 8777, 9017, 9412, 9686, 9701, 9797
199: 199, 394, 1544, 1737, 2865, 3056, 3438, 9129
200: 591, 1351, 1930, 2316, 2674, 3439, 3820, 4584, 5157, 6031, 6154, 6751, 6802, 8479, 9271, 9991
201: 398, 788, 2895, 3088, 3474, 4011, 4775, 5730, 6112, 6876, 9231
202: 597, 985, 1182, 2101, 2702, 3860, 4117, 4632, 5017, 5211, 5348, 6878, 7640, 7897, 8595, 9168, 9301
203: 796, 1576, 1773, 4053, 4825, 5790, 6176, 6685, 6948, 8022, 9550
204: 995, 1194, 1379, 1970, 2123, 2364, 2483, 4163, 4202, 5363, 5404, 6179, 6683, 7379, 7720, 8003, 8234, 8685, 9179, 9264, 9563
205: 1592, 1791, 2955, 3152, 3546, 6303, 6755, 8106, 9359, 9650
206: 1393, 1990, 2388, 2509, 2758, 3940, 4246, 4728, 4966, 5319, 7009, 8326, 8404, 9313
207: 2985, 3184, 3582, 4137, 4925, 5910, 6304, 6369, 7092, 7449, 9457
208: 2167, 2786, 3247, 3980, 4776, 5018, 5191, 5373, 5516, 6847, 7880, 8492, 8791, 8865, 9456, 9727, 9932
209: 4179, 4975, 5970, 6368, 6895, 7164, 7527, 8274, 9850
210: 2189, 2561, 3281, 3629, 4334, 5249, 5549, 5572, 6401, 6494, 7181, 7661, 7960, 8321, 8909, 8955, 9089, 9552, 9869
211: 211, 6501, 6965, 8358, 9653, 9741, 9950
212: 2587, 3667, 4378, 5122, 5611, 6562, 7258, 8668, 9211
213: 422, 6567, 7683, 9751, 9843
214: 633, 3349, 4393, 5174, 7093, 7334, 7849, 8756
215: 844, 7761
216: 1055, 1266, 3383, 3743, 4439, 6623, 6698, 7439, 8639, 8786, 9263, 9983
217: 1688, 1899
218: 1477, 2110, 2532, 3781, 6697, 6766, 7486, 8878, 9577
219: 3165, 3376, 3798
220: 2954, 4220, 4531, 5064, 5539, 5697, 7339, 7562, 8131, 8851
221: 4431, 5275, 6330, 6752, 7596
222: 2321, 4577, 5597, 5908, 5921, 7421, 7697, 8440, 9062, 9495, 9617
223: 223, 7385, 8862
224: 2743, 4642, 5983, 7783, 9154, 9943
225: 446, 6963
226: 669, 5486, 5713, 8413, 9169, 9284, 9853
227: 227, 892, 8229
228: 1115, 1338, 3587, 5771, 6107, 7067, 8507
229: 229, 454, 1784, 2007
230: 681, 1561, 2230, 2676, 4009, 6169, 7141, 7174
231: 458, 908, 3345, 3568, 4014
232: 687, 1135, 1362, 3122, 4460, 5352, 6021, 7831, 8018, 9487
233: 233, 916, 1816, 2043, 4683, 5575, 6690, 7136, 8028
234: 1145, 1374, 1589, 2270, 2453, 2724, 4853, 6244, 7289, 7913, 8213, 8920, 9593
235: 466, 1832, 2061, 3405, 3632, 4086, 7805, 9366
236: 699, 1603, 2290, 2748, 2899, 3178, 4540, 4906, 5448, 6129, 7363, 8299, 9706
237: 932, 3435, 3664, 4122, 4767, 5675, 6810, 7264, 7359, 8172
238: 1165, 1398, 2497, 3206, 4580, 5496, 5798, 6183, 6356, 8077, 8977, 9080, 9812
239: 239, 1864, 2097, 4809, 5725, 6870, 7328, 7945, 8244, 8697, 9534
240: 1631, 2330, 2519, 2796, 2951, 3791, 4994, 6119, 6412, 8159, 8471, 9071, 9160
241: 241, 478, 3495, 3728, 4194, 7491, 8015, 9618
242: 717, 2977, 3262, 4237, 4660, 5038, 5592, 5902, 6291, 6541, 7582, 8557, 9988
243: 482, 956, 4893, 5825, 6990, 7456, 7557, 8388, 8853
244: 723, 1195, 1434, 2563, 3859, 5954, 6524, 8474, 9259, 9320
245: 964, 1912, 2151, 8155, 8931, 9786
246: 1205, 1446, 1673, 2390, 2868, 3029, 3893, 4313, 5126, 5129, 7718, 9353
247: 1928, 2169, 3585, 3824, 4302, 7689
248: 1687, 2410, 2892, 3346, 4351, 4780, 5736, 6058, 6453, 7786, 7807, 8626
249: 3615, 3856, 4338, 5019, 5975, 7170, 7648, 8604, 9087
250: 2629, 3374, 3961, 4820, 5221, 5784, 6507, 6692, 8702, 9560
251: 251, 5061, 6025, 7230, 7712, 8365, 8676
252: 2651, 3107, 4427, 5258, 5267, 6467, 6748, 7922, 8651, 9640
253: 502, 7887, 8435
254: 753, 3133, 5302, 6214, 6913, 8854, 9073
255: 1004, 7953, 9321
256: 1255, 1506, 4063, 5359, 6266, 6583
257: 257, 2008, 2259, 9399
258: 1757, 2510, 3012, 4097, 4541, 6641, 7037, 8126, 9917
259: 514, 3765, 4016, 4518
260: 771, 3514, 4579, 5020, 6024, 6777, 7099, 8194, 8251, 9082
261: 1028, 5271, 6275, 7530, 8032, 9036
262: 1285, 1542, 2761, 5497, 6757, 7028, 9158
263: 263, 2056, 2313, 8785
264: 1799, 2570, 3084, 3263, 5522, 5543, 7223, 8399, 9143
265: 526, 3855, 4112, 4626, 8283
266: 789, 3598, 5140, 6168, 6526, 6939, 8473, 9589
267: 1052, 5397, 6425, 7710, 8224, 9252, 9789
268: 1315, 1578, 2827, 4267, 6931, 7196, 9307
269: 269, 2104, 2367, 8995
270: 1841, 2630, 3156, 3341, 4769, 5654, 6989, 7409, 8534, 8621, 9389, 9761
271: 271, 538, 3945, 4208, 4734, 8481
272: 807, 3682, 5260, 6312, 6682, 7101, 7471, 9538, 9847
273: 542, 1076, 5523, 6575, 7890, 8416, 9468
274: 813, 1345, 1614, 2893, 4369, 5773, 7364, 9553
275: 1084, 2152, 2421, 9205
276: 1355, 1626, 1883, 2690, 3228, 3419, 4883, 5786, 8738, 8843
277: 277, 2168, 2439, 4035, 4304, 4842, 8679
278: 1897, 2710, 3252, 3766, 5380, 6456, 6838, 7263, 8917, 9766
279: 554, 4065, 4336, 4878, 5649, 6725, 8070, 8608, 9684
280: 831, 2959, 3794, 4471, 5420, 5911, 6504, 7279, 7317, 7532, 9799
281: 281, 1108, 5691, 6775, 8130, 8672, 9415, 9756
282: 1385, 1662, 2981, 3497, 4997, 5918, 7588, 7781, 8942, 9881
283: 283, 562, 2216, 2493, 8877, 9485
284: 843, 1939, 2770, 3324, 3523, 5962, 6994, 9994
285: 566, 1124, 4155, 4432, 4986, 8943
286: 849, 1405, 1686, 3878, 4573, 5540, 6049, 6648, 7046, 7453, 7479
287: 1132, 2248, 2529, 5817, 6925, 8310, 8864, 9972
288: 1415, 1698, 1967, 2810, 3047, 3372, 4607, 5111, 7756, 7967, 9146, 9287
289: 2264, 2547, 4215, 4496, 5058, 9695
290: 1981, 2830, 3396, 3601, 3934, 5149, 5620, 6094, 6744, 7587, 9214
291: 4245, 4528, 5094, 5901, 7025, 8430, 8992, 9141
292: 3091, 3962, 5660, 6187, 6792, 7202, 7627, 7641, 7868
293: 293, 5943, 7075, 8490, 9056, 9835
294: 3113, 3653, 4709, 6182, 6233, 7924, 8153, 9509
295: 586, 9273, 9905
296: 879, 3679, 5263, 6226, 7306, 9418
297: 1172, 9339
298: 1465, 1758, 4777, 7358, 7801
299: 2344, 2637
300: 2051, 2930, 3516, 4811, 5339, 6371, 7859, 8339, 9554, 9731
301: 4395, 4688, 5274
302: 4102, 5377, 5860, 7032, 7911, 8401, 9622
303: 6153, 7325, 8790, 9376
304: 3223, 6463, 8204
306: 3809, 6446, 6509, 8033, 9953
307: 307, 9669
308: 7618, 8587
309: 614
310: 921, 4981, 8149
311: 311, 1228
312: 1535, 1842, 5567, 8207, 8711, 9962
313: 313, 622, 2456, 2763
314: 933, 2149, 3070, 3684, 8773
315: 626, 1244, 4605, 4912, 5526
316: 939, 1555, 1866, 4298, 6140, 6739, 7368, 8289
317: 317, 1252, 2488, 2799, 6447, 7675, 9210, 9824
318: 1565, 1878, 2177, 3110, 3377, 3732, 8596
319: 634, 2504, 2817, 4665, 4976, 5598
320: 951, 2191, 3130, 3756, 3991, 4354, 6220, 6754, 7464, 8397
321: 1268, 4695, 5008, 5634, 6531, 7775, 9330, 9952
322: 1585, 1902, 3421, 4382, 6260, 7512, 7982, 8451, 8497, 8708
323: 2536, 2853, 6573, 7825, 9390
324: 2219, 3170, 3443, 3804, 4043, 5219, 6842, 8764, 9083
325: 4755, 5072, 5706
326: 4069, 4438, 5833, 6340, 6886, 7608, 8086, 8559
327: 6657, 7925, 9510
328: 3487, 5287, 8138, 8876
330: 4121, 5321, 5909, 6974, 7061
331: 331
332: 5947, 8242
333: 662
334: 993, 5389, 7153
335: 1324
336: 1655, 1986, 6023, 7199, 8903
337: 337, 2648, 2979
338: 2317, 3310, 3972, 9517
339: 674, 4965, 5296, 5958
340: 1011, 4634, 6620, 7291, 7944, 8937, 9019
341: 1348, 6951, 8275, 9930
342: 1685, 2022, 3641, 9077, 9268, 9641
343: 2696, 3033
344: 2359, 3370, 4044, 4303, 7282, 9703
345: 5055, 5392, 6066
346: 4718, 6740, 8088, 8606, 9099, 9193
347: 347, 7077, 8425
348: 3707, 5627, 9436, 9827
349: 349, 694
350: 1041, 4381, 6289, 7414
351: 698, 1388
352: 1047, 1735, 2082, 8762
353: 353, 1396, 2776, 3123
354: 1745, 2094, 2429, 3470, 4164, 5729, 7613
355: 706, 2792, 3141, 5205, 5552, 6246
356: 1059, 2443, 3490, 4188, 4858, 6403, 6940, 8328, 9369
357: 1412, 5235, 5584, 6282, 7287, 8675
358: 1765, 2118, 3817, 4886, 6980, 8376, 9423, 9716
359: 359, 2824, 3177, 7329, 8725
360: 2471, 3530, 3839, 4236, 4511, 7634, 7751, 9599, 9772
361: 718, 5295, 5648, 6354
362: 1077, 4537, 4942, 7060, 7678, 8472, 9022, 9531
363: 1436, 7413, 8825
364: 1795, 2154, 3883, 5899, 9074, 9884
365: 2872, 3231
366: 2513, 3590, 4308, 4589, 5933, 6593, 7766, 9773
367: 367, 5385, 5744, 6462
368: 5026, 6631, 7180, 8616, 9178, 9693
369: 734, 7539, 8975
370: 1101, 3949, 6001, 7981
371: 1468
372: 1835, 2202, 4667, 6707, 7898, 8027
373: 373, 2936, 3303
374: 2569, 3670, 4404, 9334
375: 746, 5505, 5872, 6606
376: 1119, 5138, 6103, 7340, 8119, 8808, 9909
377: 1492, 7707, 9175
378: 1865, 2238, 4037, 6821
379: 379, 2984, 3357
380: 2611, 3730, 4476, 4771, 8074
381: 758, 5595, 5968, 6714
382: 1137, 5222, 7460, 8257, 8952, 9542
383: 383, 1516, 7833, 9325
384: 1895, 2274, 4103, 6239
385: 766, 3032, 3411
386: 1149, 2653, 3790, 4548, 4849, 6973, 8206
387: 1532, 5685, 6064, 6822
388: 1915, 2298, 5306, 7580, 9096, 9698
389: 389, 3064, 3447, 7959, 9475
390: 2681, 3830, 4169, 4596, 6341, 8441
391: 778, 5745, 6128, 6894
392: 1167, 4927, 5362, 7087, 7660, 8338, 9192
393: 1556, 8043, 9575
394: 1945, 2334, 4213, 9854
395: 3112, 3501
396: 2723, 3890, 4668, 4979, 6443, 8426, 8579
397: 397, 5835, 6224, 7002
398: 5446, 7201, 7780, 9336, 9958
399: 794, 8169, 9725
400: 1191, 4279, 6511
401: 401, 1588
402: 1985, 2382, 5057, 7277, 8558, 8717
403: 802, 3176, 3573
404: 1203, 2779, 3970, 4764
405: 1604, 5955, 6352, 7146
406: 2005, 2406, 5558, 6613, 7940, 8809, 9528
407: 3208, 3609, 8337, 9925
408: 2807, 4010, 4367, 4812, 7391
409: 409, 6015, 6416, 7218
410: 5161, 5614, 8020, 8734, 9624
411: 818, 8421
412: 1227, 4411, 8947
413: 1636
414: 2045, 2454, 5213, 6749, 8822
415: 3272, 3681
416: 2863, 4090, 4908, 7543
417: 6135, 6544, 7362
418: 5726, 6817, 8180, 9816
419: 419, 8589
420: 4499, 7619, 9131
421: 421, 838
422: 1257, 5317, 8998
423: 842, 1676
424: 1263, 2095, 2514, 9223
425: 1684, 3352, 3771
426: 2105, 2526, 2933, 4190, 5028, 6953
427: 3368, 3789, 6285, 6704, 7542
428: 2947, 4210, 5052, 5866, 7771, 8380
429: 6315, 6736, 7578, 8799
430: 4609, 5894, 8420
431: 431, 8841
432: 4631, 5447, 9218, 9407
433: 433, 862
434: 1293, 5473, 9262
435: 866, 1724
436: 1299, 2155, 2586, 7123
437: 1732, 3448, 3879
438: 2165, 2598, 3017, 4310, 5172, 7157, 7961
439: 439, 3464, 3897, 6465, 6896, 7758
440: 3031, 4330, 5196, 6034, 7999, 8620
441: 878, 6495, 6928, 7794, 9051
442: 1317, 4741, 6062, 8660, 9637
443: 443, 1756, 9093
444: 2195, 2634, 4763, 5603, 9482, 9683
445: 886, 3512, 3951
446: 1329, 3073, 4390, 5268, 5629, 9526
447: 1772, 6585, 7024, 7902
448: 2215, 2658, 6146, 7327, 8780
449: 449, 3544, 3987, 9219
450: 3101, 4430, 4829, 5316, 7361, 8189
451: 898, 6645, 7088, 7974
452: 1347, 5707, 6202, 8227, 8860, 9658
453: 1796, 9303
454: 2245, 2694, 4873, 9913
455: 3592, 4041
456: 3143, 4490, 5388, 5759, 7463, 9746, 9959
457: 457, 6735, 7184, 8082
458: 6286, 8341, 8980
459: 914, 9429
460: 1371, 4939, 7531
461: 461, 1828
462: 2285, 2742, 5837, 8417, 9878
463: 463, 922, 3656, 4113
464: 1383, 3199, 4570, 5484
465: 926, 1844, 6855, 7312, 8226
466: 1389, 2305, 2766, 6398, 7633, 9140
467: 467, 1852, 3688, 4149, 9597
468: 2315, 2778, 3227, 4610, 5027, 5532, 8531
469: 934, 3704, 4167, 6915, 7376, 8298
470: 1401, 3241, 4630, 5556, 5941, 6454, 9220
471: 1868, 6945, 7408, 8334, 9681
472: 2335, 2802, 5071, 6482, 9260
473: 3736, 4203, 9723
474: 3269, 4670, 5093, 5604, 5993, 7769
475: 7005, 7472, 8406
476: 6019, 6538, 8683, 9340
477: 9807
478: 5137, 7837
479: 479
480: 6071, 7871, 8759
481: 958
482: 1437, 8797
483: 1916
484: 2395, 2874, 7939
485: 3832, 4311
486: 3353, 4790, 5748, 8873
487: 487, 7185, 7664, 8622
488: 6706, 9580
489: 974
490: 1461, 5269
491: 491, 1948
492: 2435, 2922, 6227
493: 982, 3896, 4383
494: 1473, 3409, 4870, 5844
495: 1964, 7305, 7792, 8766
496: 2455, 2946, 6818, 8143, 9740
497: 3928, 4419
498: 3437, 4910, 5357, 5892, 9101
499: 499, 7365, 7856, 8838
500: 6331, 6874, 9820
501: 998
502: 1497, 5401
503: 503, 1996
504: 2495, 2994, 6383, 8279
505: 1006, 3992, 4491
506: 1509, 3493, 4990, 5988, 9253
507: 2012, 7485, 7984, 8982
508: 2515, 3018, 6986, 8347, 9980
509: 509, 4024, 4527
510: 3521, 5030, 5489, 6036, 9329
511: 1018, 7545, 8048, 9054
512: 1527, 6487, 7042
513: 2036
514: 2545, 3054, 5533
515: 4072, 4581
516: 3563, 5090, 6108, 6539, 8483
517: 7635, 8144, 9162
518: 7126, 9481
520: 5599, 8551
521: 521
522: 6617, 9557
523: 523, 1042
524: 1563
525: 1046, 2084
526: 1569, 2605, 3126, 8653
527: 2092, 4168, 4689
528: 2615, 3138, 3647, 5210, 6252, 9671
529: 4184, 4707, 7815, 8336, 9378
530: 3661, 5230, 6276, 7294
531: 7845, 8368, 9414
532: 5731, 7322
534: 5753, 6773
536: 6799
538: 8857
540: 8891, 9899
541: 541
542: 9937
543: 1082
544: 1623
545: 2164
546: 2705, 3246
547: 547, 4328, 4869
548: 3787, 5410, 6492
549: 1094, 8115, 8656, 9738
550: 1641, 7574
551: 2188
552: 2735, 3282, 5951
553: 4376, 4923
554: 3829, 5470, 6564, 7033
555: 8205, 8752, 9846
556: 7658
557: 557
558: 6017, 9197
559: 1114
560: 1671, 7111
561: 2228
562: 2785, 3342
563: 563, 4456, 5013
564: 3899, 5570, 6684, 9299
565: 1126, 8355, 8912
566: 1689, 7798
567: 2252
568: 2815, 3378, 6127
569: 569, 4504, 5067
570: 3941, 5630, 6756, 7241
571: 571, 1138, 8445, 9008
572: 1707, 7882
573: 1142, 2276
574: 1713, 2845, 3414, 6193, 9469
575: 2284, 4552, 5121
576: 2855, 3426, 3983, 5690, 6828, 7319
577: 577, 4568, 5139, 8535, 9104
578: 3997, 5710, 6852, 7966
579: 1154, 8565, 9136
580: 1731, 6259, 7994, 9571
581: 2308
582: 2885, 3462, 6281, 7397
583: 4616, 5193
584: 4039, 5770, 6924, 7423
585: 8655, 9232
586: 8078, 9673
587: 587
588: 6347, 9707
589: 1174
590: 1761, 7501
591: 2348
592: 2935, 3522
593: 593, 4696, 5283
594: 4109, 5870, 7044, 9809
595: 1186, 8805, 9392
596: 1779, 8218
597: 2372
598: 2965, 3558, 6457
599: 599, 4744, 5337
600: 4151, 5930, 7116, 7631
601: 601, 1198, 8895, 9488
602: 1797, 8302
603: 1202, 2396
604: 1803, 2995, 3594, 6523, 9979
605: 2404, 4792, 5391
606: 3005, 3606, 4193, 5990, 7188, 7709
607: 607, 4808, 5409, 8985, 9584
608: 4207, 6010, 7212, 8386
609: 1214, 9015, 9616
610: 1821, 6589, 8414
611: 2428
612: 3035, 3642, 6611, 7787
613: 613, 4856, 5463
614: 4249, 6070, 7284, 7813
615: 1226, 9105, 9712
616: 1839, 8498
617: 617, 2452
618: 3065, 3678, 6677
619: 619, 1234, 4904, 5517
620: 1851, 4291, 6130, 7356, 7891
621: 1238, 2468, 9195, 9808
622: 1857, 3085, 3702, 8582
623: 2476, 4936, 5553
624: 3095, 3714, 4319, 6170, 6743, 7404
625: 4952, 5571, 9255, 9872
626: 4333, 6190, 7428, 7969, 8638
627: 9285, 9904
628: 6787, 8666
630: 6809, 8021
631: 631
632: 8047
633: 1262
634: 1893
635: 2524
636: 3155, 3786
637: 5048, 5679
638: 4417, 6310, 7572
639: 9465
640: 8834
641: 641
642: 6941
643: 643, 1282
644: 1923, 8203
645: 1286, 2564
646: 1929, 3205, 3846
647: 647, 2572, 5128, 5769
648: 3215, 3858, 4487, 6410, 7692
649: 1294, 5144, 5787, 9615
650: 1941, 4501, 6430, 7716, 8974
651: 2588, 9645
652: 3235, 3882, 7051, 9002
653: 653, 5176, 5823
654: 4529, 6470, 7073, 7764, 8333
655: 1306, 9705
656: 1959, 8359, 9058
657: 2612
658: 3265, 3918, 7117
659: 659, 5224, 5877
660: 4571, 6530, 7836, 8411
661: 661, 1318, 9795
662: 1977, 9142
663: 1322, 2636
664: 1983, 3295, 3954, 7183
665: 2644, 5272, 5931
666: 3305, 3966, 4613, 6590, 7908, 8489
667: 5288, 5949, 9885
668: 4627, 6610, 7932, 9226
669: 9915
670: 7249, 9254
672: 7271, 8567
673: 673
674: 8593
675: 1346
676: 2019
677: 677, 2692
678: 3365, 4038
679: 1354, 5384, 6057
680: 2031, 4711, 6730, 8076
681: 2708
682: 3385, 4062, 9422
683: 683, 5416, 6093
684: 4739, 6770, 7403, 8124
685: 1366
686: 2049, 8749, 9478
687: 2732
688: 3415, 4098, 7447
689: 5464, 6147
690: 4781, 6830, 8196, 8801
691: 691
692: 9562
693: 1382
694: 2073, 7513
695: 2764
696: 3455, 4146, 8879
697: 5528, 6219
698: 4837, 6910, 8292
700: 9674
701: 701
702: 7601
703: 1402
704: 2103, 8983
705: 2804
706: 3505, 4206
707: 5608, 6309
708: 4907, 7010, 8412
709: 709
710: 9814
711: 1418
712: 2127, 7711
713: 2836
714: 3545, 4254, 9113
715: 5672, 6381
716: 4963, 7090, 8508
718: 9926
719: 719
720: 7799
721: 1438
722: 2157, 9217
723: 2876
724: 3595, 4314
725: 5752, 6471
726: 5033, 7190, 8628
727: 727
729: 1454
730: 2181, 7909
731: 2908
732: 3635, 4362, 9347
733: 733, 5816, 6543
734: 5089, 7270, 8724
735: 1466
736: 2199
737: 2932
738: 3665, 4398, 7997
739: 739, 5864, 6597
740: 5131, 7330, 8796, 9451
741: 1478
742: 2217
743: 743, 2956
744: 3695, 4434, 8063
745: 1486, 5912, 6651
746: 2229, 5173, 7390, 8868, 9529
747: 2972
748: 3715, 4458
749: 5944, 6687
750: 5201, 7430, 8129, 8916
751: 751
752: 9607
753: 1502
754: 2253, 8173
755: 3004
756: 3755, 4506, 9659
757: 757, 6008, 6759
758: 5257, 7510, 9012
759: 1514
760: 2271
761: 761, 3028
762: 3785, 4542, 8261
763: 1522, 6056, 6813
764: 2283, 5299, 7570, 9084, 9763
765: 3044
766: 3805, 4566
767: 6088, 6849
768: 5327, 7610, 8327, 9132
769: 769
770: 9841
771: 1538
772: 2307, 8371
773: 773, 3076
774: 3845, 4614, 9893
775: 1546, 6152, 6921
776: 2319, 5383, 7690, 9228
777: 3092
778: 3865, 4638
779: 6184, 6957
780: 5411, 7730, 8459, 9276
782: 9997
784: 8503
787: 787
789: 1574
790: 2361
791: 3148
792: 3935, 4722
793: 6296, 7083
794: 5509, 7870, 9444
797: 797
798: 8657
799: 1594
800: 2391
801: 3188
802: 3985, 4782
803: 6376, 7173
804: 5579, 7970, 9564
808: 8767
809: 809
811: 811, 1618
812: 2427
813: 1622, 3236
814: 2433, 4045, 4854
815: 3244, 6472, 7281
816: 4055, 4866, 5663, 8090, 9708
817: 6488, 7299
818: 5677, 8110, 9732
820: 8899
821: 821
822: 8921
823: 823, 1642
824: 2463
825: 1646, 3284
826: 2469, 4105, 4926
827: 827, 3292, 6568, 7389
828: 4115, 4938, 5747, 8210, 9852
829: 829, 1654, 6584, 7407
830: 2481, 5761, 8230, 9876
831: 1658, 3308
832: 2487, 4135, 4962, 9031
833: 3316, 6616, 7443
834: 4145, 4974, 5789, 8270, 9053, 9924
835: 6632, 7461
836: 5803, 8290, 9948
838: 9097
839: 839
840: 9119
841: 1678
842: 2517
843: 3356
844: 4195, 5034
845: 6712, 7551
846: 5873, 8390
850: 9229
853: 853
855: 1706
856: 2559
857: 857, 3412
858: 4265, 5118
859: 859, 1714, 6824, 7677
860: 2571, 5971, 8530
861: 1718, 3428
862: 2577, 4285, 5142
863: 863, 3436, 6856, 7713
864: 4295, 5154, 5999, 8570, 9383
865: 1726, 6872, 7731
866: 2589, 6013, 8590
867: 3452
868: 4315, 5178, 9427
869: 6904, 7767
870: 6041, 8630, 9449
874: 9493
877: 877
879: 1754
880: 2631
881: 881, 3508
882: 4385, 5262
883: 883, 1762, 7016, 7893
884: 2643, 6139, 8770
885: 1766, 3524
886: 2649, 4405, 5286
887: 887, 3532, 7048, 7929
888: 4415, 5298, 6167, 8810, 9647
889: 1774, 7064, 7947
890: 2661, 6181, 8830
891: 3548
892: 4435, 5322, 9691
893: 7096, 7983
894: 6209, 8870, 9713
898: 9757
907: 907
909: 1814
910: 2721
911: 911, 3628
912: 4535, 5442
913: 1822, 7256, 8163
914: 2733, 6349, 9070
915: 3644
916: 4555, 5466
917: 7288, 8199
918: 6377, 9110, 9977
919: 919
921: 1838
922: 2757
923: 3676
924: 4595, 5514
925: 7352, 8271
926: 6433, 9190
929: 929
931: 1858
932: 2787
933: 3716
934: 4645, 5574
935: 7432, 8361
936: 6503, 9290
937: 937
939: 1874
940: 2811
941: 941, 3748
942: 4685, 5622
943: 1882, 7496, 8433
944: 2823, 6559, 9370
945: 3764
946: 4705, 5646
947: 947, 7528, 8469
948: 6587, 9410
949: 1894
950: 2841
951: 3788
952: 4735, 5682
953: 953, 7576, 8523
954: 6629, 9470
955: 1906
956: 2859
957: 3812
958: 4765, 5718
959: 7624, 8577
960: 6671, 9530
967: 967
969: 1934
970: 2901
971: 971, 3868
972: 4835, 5802
973: 1942, 7736, 8703
974: 2913, 6769, 9670
975: 3884
976: 4855, 5826
977: 977, 7768, 8739
978: 6797, 9710
979: 1954
980: 2931
981: 3908
982: 4885, 5862
983: 983, 7816, 8793
984: 6839, 9770
985: 1966
986: 2949
987: 3932
988: 4915, 5898
989: 7864, 8847
990: 6881, 9830
991: 991
993: 1982
994: 2973
995: 3964
996: 4955, 5946
997: 997, 7928, 8919
998: 6937, 9910
999: 1994
1000: 2991
1001: 3988
1002: 4985, 5982
1003: 7976, 8973
1004: 6979, 9970
1009: 1009
1011: 2018
1012: 3027
1013: 1013, 4036
1014: 5045, 6054
1015: 2026, 8072, 9081
1016: 3039, 7063
1017: 4052
1018: 5065, 6078
1019: 1019, 8104, 9117
1020: 7091
1021: 1021, 2038
1022: 3057
1023: 2042, 4076
1024: 3063, 5095, 6114
1025: 4084, 8152, 9171
1026: 5105, 6126, 7133
1027: 8168, 9189
1028: 7147
1031: 1031
1033: 1033, 2062
1034: 3093
1035: 2066, 4124
1036: 3099, 5155, 6186
1037: 4132, 8248, 9279
1038: 5165, 6198, 7217
1039: 1039, 8264, 9297
1040: 7231
1041: 2078
1042: 3117
1043: 4156
1044: 5195, 6234
1045: 8312, 9351
1046: 7273
1049: 1049
1051: 1051, 2098
1052: 3147
1053: 2102, 4196
1054: 3153, 5245, 6294
1055: 4204, 8392, 9441
1056: 5255, 6306, 7343
1057: 8408, 9459
1058: 7357
1061: 1061
1063: 1063, 2122
1064: 3183
1065: 2126, 4244
1066: 3189, 5305, 6366
1067: 4252, 8488, 9549
1068: 5315, 6378, 7427
1069: 1069, 8504, 9567
1070: 7441
1071: 2138
1072: 3207
1073: 4276
1074: 5345, 6414
1075: 8552, 9621
1076: 7483
1087: 1087
1089: 2174
1090: 3261
1091: 1091, 4348
1092: 5435, 6522
1093: 1093, 2182, 8696, 9783
1094: 3273, 7609
1095: 2186, 4364
1096: 3279, 5455, 6546
1097: 1097, 4372, 8728, 9819
1098: 5465, 6558, 7637
1099: 2194, 8744, 9837
1100: 3291, 7651
1101: 4388
1102: 5485, 6582
1103: 1103, 8776, 9873
1104: 7679
1105: 2206
1106: 3309
1107: 4412
1108: 5515, 6618
1109: 1109, 8824, 9927
1110: 7721
1111: 2218
1112: 3327
1113: 4436
1114: 5545, 6654
1115: 8872, 9981
1116: 7763
1117: 1117
1119: 2234
1120: 3351
1121: 4468
1122: 5585, 6702
1123: 1123, 8936
1124: 7819
1125: 2246
1126: 3369
1127: 4492
1128: 5615, 6738
1129: 1129, 8984
1130: 7861
1131: 2258
1132: 3387
1133: 4516
1134: 5645, 6774
1135: 9032
1136: 7903
1151: 1151
1153: 1153, 2302
1154: 3453
1155: 2306, 4604
1156: 3459, 5755, 6906
1157: 4612, 9208
1158: 5765, 6918, 8057
1159: 9224
1160: 8071
1163: 1163
1165: 2326
1166: 3489
1167: 4652
1168: 5815, 6978
1169: 9304
1170: 8141
1171: 1171
1173: 2342
1174: 3513
1175: 4684
1176: 5855, 7026
1177: 9368
1178: 8197
1181: 1181
1183: 2362
1184: 3543
1185: 4724
1186: 5905, 7086
1187: 1187, 9448
1188: 8267
1189: 2374
1190: 3561
1191: 4748
1192: 5935, 7122
1193: 1193, 9496
1194: 8309
1195: 2386
1196: 3579
1197: 4772
1198: 5965, 7158
1199: 9544
1200: 8351
1201: 1201
1203: 2402
1204: 3603
1205: 4804
1206: 6005, 7206
1207: 9608
1208: 8407
1213: 1213
1215: 2426
1216: 3639
1217: 1217, 4852
1218: 6065, 7278
1219: 2434, 9704
1220: 3651, 8491
1221: 4868
1222: 6085, 7302
1223: 1223, 9736
1224: 8519
1225: 2446
1226: 3669
1227: 4892
1228: 6115, 7338
1229: 1229, 9784
1230: 8561
1231: 1231, 2458
1232: 3687
1233: 2462, 4916
1234: 3693, 6145, 7374
1235: 4924, 9832
1236: 6155, 7386, 8603
1237: 1237, 9848
1238: 8617
1239: 2474
1240: 3711
1241: 4948
1242: 6185, 7422
1243: 9896
1244: 8659
1249: 1249
1251: 2498
1252: 3747
1253: 4996
1254: 6245, 7494
1255: 9992
1256: 8743
1259: 1259
1261: 2518
1262: 3777
1263: 5036
1264: 6295, 7554
1266: 8813
1277: 1277
1279: 1279, 2554
1280: 3831
1281: 2558, 5108
1282: 3837, 6385, 7662
1283: 1283, 5116
1284: 6395, 7674, 8939
1285: 2566
1286: 3849, 8953
1287: 5132
1288: 6415, 7698
1289: 1289
1290: 8981
1291: 1291, 2578
1292: 3867
1293: 2582, 5156
1294: 3873, 6445, 7734
1295: 5164
1296: 6455, 7746, 9023
1297: 1297
1298: 9037
1299: 2594
1300: 3891
1301: 1301, 5188
1302: 6485, 7782
1303: 1303, 2602
1304: 3903, 9079
1305: 2606, 5204
1306: 3909, 6505, 7806
1307: 1307, 5212
1308: 6515, 7818, 9107
1309: 2614
1310: 3921, 9121
1311: 5228
1312: 6535, 7842
1314: 9149
1319: 1319
1321: 1321, 2638
1322: 3957
1323: 2642, 5276
1324: 3963, 6595, 7914
1325: 5284
1326: 6605, 7926, 9233
1327: 1327
1328: 9247
1329: 2654
1330: 3981
1331: 5308
1332: 6635, 7962
1334: 9289
1361: 1361
1363: 2722
1364: 4083
1365: 5444
1366: 6805, 8166
1367: 1367
1368: 9527
1369: 2734
1370: 4101
1371: 5468
1372: 6835, 8202
1373: 1373
1374: 9569
1375: 2746
1376: 4119
1377: 5492
1378: 6865, 8238
1380: 9611
1381: 1381
1383: 2762
1384: 4143
1385: 5524
1386: 6905, 8286
1388: 9667
1399: 1399
1401: 2798
1402: 4197
1403: 5596
1404: 6995, 8394
1406: 9793
1409: 1409
1411: 2818
1412: 4227
1413: 5636
1414: 7045, 8454
1416: 9863
1423: 1423
1425: 2846
1426: 4269
1427: 1427, 5692
1428: 7115, 8538
1429: 1429, 2854
1430: 4281, 9961
1431: 2858, 5708
1432: 4287, 7135, 8562
1433: 1433, 5716
1434: 7145, 8574, 9989
1435: 2866
1436: 4299
1437: 5732
1438: 7165, 8598
1439: 1439
1441: 2878
1442: 4317
1443: 5756
1444: 7195, 8634
1447: 1447
1449: 2894
1450: 4341
1451: 1451, 5788
1452: 7235, 8682
1453: 1453, 2902
1454: 4353
1455: 2906, 5804
1456: 4359, 7255, 8706
1457: 5812
1458: 7265, 8718
1459: 1459
1461: 2918
1462: 4377
1463: 5836
1464: 7295, 8754
1471: 1471
1473: 2942
1474: 4413
1475: 5884
1476: 7355, 8826
1481: 1481
1483: 1483, 2962
1484: 4443
1485: 2966, 5924
1486: 4449, 7405, 8886
1487: 1487, 5932
1488: 7415, 8898
1489: 1489, 2974
1490: 4461
1491: 2978, 5948
1492: 4467, 7435, 8922
1493: 1493, 5956
1494: 7445, 8934
1495: 2986
1496: 4479
1497: 5972
1498: 7465, 8958
1499: 1499
1501: 2998
1502: 4497
1503: 5996
1504: 7495, 8994
1511: 1511
1513: 3022
1514: 4533
1515: 6044
1516: 7555, 9066
1523: 1523
1525: 3046
1526: 4569
1527: 6092
1528: 7615, 9138
1531: 1531
1533: 3062
1534: 4593
1535: 6124
1536: 7655, 9186
1543: 1543
1545: 3086
1546: 4629
1547: 6172
1548: 7715, 9258
1549: 1549
1551: 3098
1552: 4647
1553: 1553, 6196
1554: 7745, 9294
1555: 3106
1556: 4659
1557: 6212
1558: 7765, 9318
1559: 1559
1561: 3118
1562: 4677
1563: 6236
1564: 7795, 9354
1567: 1567
1569: 3134
1570: 4701
1571: 1571, 6268
1572: 7835, 9402
1573: 3142
1574: 4713
1575: 6284
1576: 7855, 9426
1579: 1579
1581: 3158
1582: 4737
1583: 1583, 6316
1584: 7895, 9474
1585: 3166
1586: 4749
1587: 6332
1588: 7915, 9498
1597: 1597
1599: 3194
1600: 4791
1601: 1601, 6388
1602: 7985, 9582
1603: 3202
1604: 4803
1605: 6404
1606: 8005, 9606
1607: 1607
1609: 1609, 3214
1610: 4821
1611: 3218, 6428
1612: 4827, 8035, 9642
1613: 1613, 6436
1614: 8045, 9654
1615: 3226
1616: 4839
1617: 6452
1618: 8065, 9678
1619: 1619
1621: 1621, 3238
1622: 4857
1623: 3242, 6476
1624: 4863, 8095, 9714
1625: 6484
1626: 8105, 9726
1627: 1627
1629: 3254
1630: 4881
1631: 6508
1632: 8135, 9762
1637: 1637
1639: 3274
1640: 4911
1641: 6548
1642: 8185, 9822
1657: 1657
1659: 3314
1660: 4971
1661: 6628
1662: 8285, 9942
1663: 1663
1665: 3326
1666: 4989
1667: 1667, 6652
1668: 8315, 9978
1669: 1669, 3334
1670: 5001
1671: 3338, 6668
1672: 5007, 8335
1673: 6676
1674: 8345
1693: 1693
1695: 3386
1696: 5079
1697: 1697, 6772
1698: 8465
1699: 1699, 3394
1700: 5091
1701: 3398, 6788
1702: 5097, 8485
1703: 6796
1704: 8495
1709: 1709
1711: 3418
1712: 5127
1713: 6836
1714: 8545
1721: 1721
1723: 1723, 3442
1724: 5163
1725: 3446, 6884
1726: 5169, 8605
1727: 6892
1728: 8615
1733: 1733
1735: 3466
1736: 5199
1737: 6932
1738: 8665
1741: 1741
1743: 3482
1744: 5223
1745: 6964
1746: 8705
1747: 1747
1749: 3494
1750: 5241
1751: 6988
1752: 8735
1753: 1753
1755: 3506
1756: 5259
1757: 7012
1758: 8765
1759: 1759
1761: 3518
1762: 5277
1763: 7036
1764: 8795
1777: 1777
1779: 3554
1780: 5331
1781: 7108
1782: 8885
1783: 1783
1785: 3566
1786: 5349
1787: 1787, 7132
1788: 8915
1789: 1789, 3574
1790: 5361
1791: 3578, 7148
1792: 5367, 8935
1793: 7156
1794: 8945
1801: 1801
1803: 3602
1804: 5403
1805: 7204
1806: 9005
1811: 1811
1813: 3622
1814: 5433
1815: 7244
1816: 9055
1823: 1823
1825: 3646
1826: 5469
1827: 7292
1828: 9115
1831: 1831
1833: 3662
1834: 5493
1835: 7324
1836: 9155
1847: 1847
1849: 3694
1850: 5541
1851: 7388
1852: 9235
1861: 1861
1863: 3722
1864: 5583
1865: 7444
1866: 9305
1867: 1867
1869: 3734
1870: 5601
1871: 1871, 7468
1872: 9335
1873: 1873, 3742
1874: 5613
1875: 3746, 7484
1876: 5619, 9355
1877: 1877, 7492
1878: 9365
1879: 1879, 3754
1880: 5631
1881: 3758, 7508
1882: 5637, 9385
1883: 7516
1884: 9395
1889: 1889
1891: 3778
1892: 5667
1893: 7556
1894: 9445
1901: 1901
1903: 3802
1904: 5703
1905: 7604
1906: 9505
1907: 1907
1909: 3814
1910: 5721
1911: 7628
1912: 9535
1913: 1913
1915: 3826
1916: 5739
1917: 7652
1918: 9565
1931: 1931
1933: 1933, 3862
1934: 5793
1935: 3866, 7724
1936: 5799, 9655
1937: 7732
1938: 9665
1949: 1949
1951: 1951, 3898
1952: 5847
1953: 3902, 7796
1954: 5853, 9745
1955: 7804
1956: 9755
1973: 1973
1975: 3946
1976: 5919
1977: 7892
1978: 9865
1979: 1979
1981: 3958
1982: 5937
1983: 7916
1984: 9895
1987: 1987
1989: 3974
1990: 5961
1991: 7948
1992: 9935
1993: 1993
1995: 3986
1996: 5979
1997: 1997, 7972
1998: 9965
1999: 1999, 3994
2000: 5991
2001: 3998, 7988
2002: 5997, 9985
2003: 2003, 7996
2004: 9995
2005: 4006
2006: 6009
2007: 8012
2011: 2011
2013: 4022
2014: 6033
2015: 8044
2017: 2017
2019: 4034
2020: 6051
2021: 8068
2027: 2027
2029: 2029, 4054
2030: 6081
2031: 4058, 8108
2032: 6087
2033: 8116
2039: 2039
2041: 4078
2042: 6117
2043: 8156
2053: 2053
2055: 4106
2056: 6159
2057: 8212
2063: 2063
2065: 4126
2066: 6189
2067: 8252
2069: 2069
2071: 4138
2072: 6207
2073: 8276
2081: 2081
2083: 2083, 4162
2084: 6243
2085: 4166, 8324
2086: 6249
2087: 2087, 8332
2089: 2089, 4174
2090: 6261
2091: 4178, 8348
2092: 6267
2093: 8356
2099: 2099
2101: 4198
2102: 6297
2103: 8396
2111: 2111
2113: 2113, 4222
2114: 6333
2115: 4226, 8444
2116: 6339
2117: 8452
2129: 2129
2131: 2131, 4258
2132: 6387
2133: 4262, 8516
2134: 6393
2135: 8524
2137: 2137
2139: 4274
2140: 6411
2141: 2141, 8548
2143: 2143, 4282
2144: 6423
2145: 4286, 8564
2146: 6429
2147: 8572
2153: 2153
2155: 4306
2156: 6459
2157: 8612
2161: 2161
2163: 4322
2164: 6483
2165: 8644
2179: 2179
2181: 4358
2182: 6537
2183: 8716
2203: 2203
2205: 4406
2206: 6609
2207: 2207, 8812
2209: 4414
2210: 6621
2211: 8828
2213: 2213
2215: 4426
2216: 6639
2217: 8852
2221: 2221
2223: 4442
2224: 6663
2225: 8884
2237: 2237
2239: 2239, 4474
2240: 6711
2241: 4478, 8948
2242: 6717
2243: 2243, 8956
2245: 4486
2246: 6729
2247: 8972
2251: 2251
2253: 4502
2254: 6753
2255: 9004
2267: 2267
2269: 2269, 4534
2270: 6801
2271: 4538, 9068
2272: 6807
2273: 2273, 9076
2275: 4546
2276: 6819
2277: 9092
2281: 2281
2283: 4562
2284: 6843
2285: 9124
2287: 2287
2289: 4574
2290: 6861
2291: 9148
2293: 2293
2295: 4586
2296: 6879
2297: 2297, 9172
2299: 4594
2300: 6891
2301: 9188
2309: 2309
2311: 2311, 4618
2312: 6927
2313: 4622, 9236
2314: 6933
2315: 9244
2333: 2333
2335: 4666
2336: 6999
2337: 9332
2339: 2339
2341: 2341, 4678
2342: 7017
2343: 4682, 9356
2344: 7023
2345: 9364
2347: 2347
2349: 4694
2350: 7041
2351: 2351, 9388
2353: 4702
2354: 7053
2355: 9404
2357: 2357
2359: 4714
2360: 7071
2361: 9428
2371: 2371
2373: 4742
2374: 7113
2375: 9484
2377: 2377
2379: 4754
2380: 7131
2381: 2381, 9508
2383: 2383, 4762
2384: 7143
2385: 4766, 9524
2386: 7149
2387: 9532
2389: 2389
2391: 4778
2392: 7167
2393: 2393, 9556
2395: 4786
2396: 7179
2397: 9572
2399: 2399
2401: 4798
2402: 7197
2403: 9596
2411: 2411
2413: 4822
2414: 7233
2415: 9644
2417: 2417
2419: 4834
2420: 7251
2421: 9668
2423: 2423
2425: 4846
2426: 7269
2427: 9692
2437: 2437
2439: 4874
2440: 7311
2441: 2441, 9748
2443: 4882
2444: 7323
2445: 9764
2447: 2447
2449: 4894
2450: 7341
2451: 9788
2459: 2459
2461: 4918
2462: 7377
2463: 9836
2467: 2467
2469: 4934
2470: 7401
2471: 9868
2473: 2473
2475: 4946
2476: 7419
2477: 2477, 9892
2479: 4954
2480: 7431
2481: 9908
2503: 2503
2505: 5006
2506: 7509
2521: 2521
2523: 5042
2524: 7563
2531: 2531
2533: 5062
2534: 7593
2539: 2539
2541: 5078
2542: 7617
2543: 2543
2545: 5086
2546: 7629
2549: 2549
2551: 2551, 5098
2552: 7647
2553: 5102
2554: 7653
2557: 2557
2559: 5114
2560: 7671
2579: 2579
2581: 5158
2582: 7737
2591: 2591
2593: 2593, 5182
2594: 7773
2595: 5186
2596: 7779
2609: 2609
2611: 5218
2612: 7827
2617: 2617
2619: 5234
2620: 7851
2621: 2621
2623: 5242
2624: 7863
2633: 2633
2635: 5266
2636: 7899
2647: 2647
2649: 5294
2650: 7941
2657: 2657
2659: 2659, 5314
2660: 7971
2661: 5318
2662: 7977
2663: 2663
2665: 5326
2666: 7989
2671: 2671
2673: 5342
2674: 8013
2677: 2677
2679: 5354
2680: 8031
2683: 2683
2685: 5366
2686: 8049
2687: 2687
2689: 2689, 5374
2690: 8061
2691: 5378
2692: 8067
2693: 2693
2695: 5386
2696: 8079
2699: 2699
2701: 5398
2702: 8097
2707: 2707
2709: 5414
2710: 8121
2711: 2711
2713: 2713, 5422
2714: 8133
2715: 5426
2716: 8139
2719: 2719
2721: 5438
2722: 8157
2729: 2729
2731: 2731, 5458
2732: 8187
2733: 5462
2734: 8193
2741: 2741
2743: 5482
2744: 8223
2749: 2749
2751: 5498
2752: 8247
2753: 2753
2755: 5506
2756: 8259
2767: 2767
2769: 5534
2770: 8301
2777: 2777
2779: 5554
2780: 8331
2789: 2789
2791: 2791, 5578
2792: 8367
2793: 5582
2794: 8373
2797: 2797
2799: 5594
2800: 8391
2801: 2801
2803: 2803, 5602
2804: 8403
2805: 5606
2806: 8409
2819: 2819
2821: 5638
2822: 8457
2833: 2833
2835: 5666
2836: 8499
2837: 2837
2839: 5674
2840: 8511
2843: 2843
2845: 5686
2846: 8529
2851: 2851
2853: 5702
2854: 8553
2857: 2857
2859: 5714
2860: 8571
2861: 2861
2863: 5722
2864: 8583
2879: 2879
2881: 5758
2882: 8637
2887: 2887
2889: 5774
2890: 8661
2897: 2897
2899: 5794
2900: 8691
2903: 2903
2905: 5806
2906: 8709
2909: 2909
2911: 5818
2912: 8727
2917: 2917
2919: 5834
2920: 8751
2927: 2927
2929: 5854
2930: 8781
2939: 2939
2941: 5878
2942: 8817
2953: 2953
2955: 5906
2956: 8859
2957: 2957
2959: 5914
2960: 8871
2963: 2963
2965: 5926
2966: 8889
2969: 2969
2971: 2971, 5938
2972: 8907
2973: 5942
2974: 8913
2999: 2999
3001: 3001, 5998
3002: 8997
3003: 6002
3004: 9003
3011: 3011
3013: 6022
3014: 9033
3019: 3019
3021: 6038
3022: 9057
3023: 3023
3025: 6046
3026: 9069
3037: 3037
3039: 6074
3040: 9111
3041: 3041
3043: 6082
3044: 9123
3049: 3049
3051: 6098
3052: 9147
3061: 3061
3063: 6122
3064: 9183
3067: 3067
3069: 6134
3070: 9201
3079: 3079
3081: 6158
3082: 9237
3083: 3083
3085: 6166
3086: 9249
3089: 3089
3091: 6178
3092: 9267
3109: 3109
3111: 6218
3112: 9327
3119: 3119
3121: 3121, 6238
3122: 9357
3123: 6242
3124: 9363
3137: 3137
3139: 6274
3140: 9411
3163: 3163
3165: 6326
3166: 9489
3167: 3167
3169: 3169, 6334
3170: 9501
3171: 6338
3172: 9507
3181: 3181
3183: 6362
3184: 9543
3187: 3187
3189: 6374
3190: 9561
3191: 3191
3193: 6382
3194: 9573
3203: 3203
3205: 6406
3206: 9609
3209: 3209
3211: 6418
3212: 9627
3217: 3217
3219: 6434
3220: 9651
3221: 3221
3223: 6442
3224: 9663
3229: 3229
3231: 6458
3232: 9687
3251: 3251
3253: 3253, 6502
3254: 9753
3255: 6506
3256: 9759
3257: 3257
3259: 3259, 6514
3260: 9771
3261: 6518
3262: 9777
3271: 3271
3273: 6542
3274: 9813
3299: 3299
3301: 3301, 6598
3302: 9897
3303: 6602
3304: 9903
3307: 3307
3309: 6614
3310: 9921
3313: 3313
3315: 6626
3316: 9939
3319: 3319
3321: 6638
3322: 9957
3323: 3323
3325: 6646
3326: 9969
3329: 3329
3331: 3331, 6658
3332: 9987
3333: 6662
3334: 9993
3343: 3343
3345: 6686
3347: 3347
3349: 6694
3359: 3359
3361: 3361, 6718
3363: 6722
3371: 3371
3373: 3373, 6742
3375: 6746
3389: 3389
3391: 3391, 6778
3393: 6782
3407: 3407
3409: 6814
3413: 3413
3415: 6826
3433: 3433
3435: 6866
3449: 3449
3451: 6898
3457: 3457
3459: 6914
3461: 3461
3463: 3463, 6922
3465: 6926
3467: 3467
3469: 3469, 6934
3471: 6938
3491: 3491
3493: 6982
3499: 3499
3501: 6998
3511: 3511
3513: 7022
3517: 3517
3519: 7034
3527: 3527
3529: 3529, 7054
3531: 7058
3533: 3533
3535: 7066
3539: 3539
3541: 3541, 7078
3543: 7082
3547: 3547
3549: 7094
3557: 3557
3559: 3559, 7114
3561: 7118
3571: 3571
3573: 7142
3581: 3581
3583: 3583, 7162
3585: 7166
3593: 3593
3595: 7186
3607: 3607
3609: 7214
3613: 3613
3615: 7226
3617: 3617
3619: 7234
3623: 3623
3625: 7246
3631: 3631
3633: 7262
3637: 3637
3639: 7274
3643: 3643
3645: 7286
3659: 3659
3661: 7318
3671: 3671
3673: 3673, 7342
3675: 7346
3677: 3677
3679: 7354
3691: 3691
3693: 7382
3697: 3697
3699: 7394
3701: 3701
3703: 7402
3709: 3709
3711: 7418
3719: 3719
3721: 7438
3727: 3727
3729: 7454
3733: 3733
3735: 7466
3739: 3739
3741: 7478
3761: 3761
3763: 7522
3767: 3767
3769: 3769, 7534
3771: 7538
3779: 3779
3781: 7558
3793: 3793
3795: 7586
3797: 3797
3799: 7594
3803: 3803
3805: 7606
3821: 3821
3823: 3823, 7642
3825: 7646
3833: 3833
3835: 7666
3847: 3847
3849: 7694
3851: 3851
3853: 3853, 7702
3855: 7706
3863: 3863
3865: 7726
3877: 3877
3879: 7754
3881: 3881
3883: 7762
3889: 3889
3891: 7778
3907: 3907
3909: 7814
3911: 3911
3913: 7822
3917: 3917
3919: 3919, 7834
3921: 7838
3923: 3923
3925: 7846
3929: 3929
3931: 3931, 7858
3933: 7862
3943: 3943
3945: 7886
3947: 3947
3949: 7894
3967: 3967
3969: 7934
3989: 3989
3991: 7978
4001: 4001
4003: 4003, 8002
4005: 8006
4007: 4007
4009: 8014
4013: 4013
4015: 8026
4019: 4019
4021: 4021, 8038
4023: 8042
4027: 4027
4029: 8054
4049: 4049
4051: 4051, 8098
4053: 8102
4057: 4057
4059: 8114
4073: 4073
4075: 8146
4079: 4079
4081: 8158
4091: 4091
4093: 4093, 8182
4095: 8186
4099: 4099
4101: 8198
4111: 4111
4113: 8222
4127: 4127
4129: 4129, 8254
4131: 8258
4133: 4133
4135: 8266
4139: 4139
4141: 8278
4153: 4153
4155: 8306
4157: 4157
4159: 4159, 8314
4161: 8318
4177: 4177
4179: 8354
4201: 4201
4203: 8402
4211: 4211
4213: 8422
4217: 4217
4219: 4219, 8434
4221: 8438
4229: 4229
4231: 4231, 8458
4233: 8462
4241: 4241
4243: 4243, 8482
4245: 8486
4253: 4253
4255: 8506
4259: 4259
4261: 4261, 8518
4263: 8522
4271: 4271
4273: 4273, 8542
4275: 8546
4283: 4283
4285: 8566
4289: 4289
4291: 8578
4297: 4297
4299: 8594
4327: 4327
4329: 8654
4337: 4337
4339: 4339, 8674
4341: 8678
4349: 4349
4351: 8698
4357: 4357
4359: 8714
4363: 4363
4365: 8726
4373: 4373
4375: 8746
4391: 4391
4393: 8782
4397: 4397
4399: 8794
4409: 4409
4411: 8818
4421: 4421
4423: 4423, 8842
4425: 8846
4441: 4441
4443: 8882
4447: 4447
4449: 8894
4451: 4451
4453: 8902
4457: 4457
4459: 8914
4463: 4463
4465: 8926
4481: 4481
4483: 4483, 8962
4485: 8966
4493: 4493
4495: 8986
4507: 4507
4509: 9014
4513: 4513
4515: 9026
4517: 4517
4519: 4519, 9034
4521: 9038
4523: 4523
4525: 9046
4547: 4547
4549: 4549, 9094
4551: 9098
4561: 4561
4563: 9122
4567: 4567
4569: 9134
4583: 4583
4585: 9166
4591: 4591
4593: 9182
4597: 4597
4599: 9194
4603: 4603
4605: 9206
4621: 4621
4623: 9242
4637: 4637
4639: 4639, 9274
4641: 9278
4643: 4643
4645: 9286
4649: 4649
4651: 4651, 9298
4653: 9302
4657: 4657
4659: 9314
4663: 4663
4665: 9326
4673: 4673
4675: 9346
4679: 4679
4681: 9358
4691: 4691
4693: 9382
4703: 4703
4705: 9406
4721: 4721
4723: 4723, 9442
4725: 9446
4729: 4729
4731: 9458
4733: 4733
4735: 9466
4751: 4751
4753: 9502
4759: 4759
4761: 9518
4783: 4783
4785: 9566
4787: 4787
4789: 4789, 9574
4791: 9578
4793: 4793
4795: 9586
4799: 4799
4801: 4801, 9598
4803: 9602
4813: 4813
4815: 9626
4817: 4817
4819: 9634
4831: 4831
4833: 9662
4861: 4861
4863: 9722
4871: 4871
4873: 9742
4877: 4877
4879: 9754
4889: 4889
4891: 9778
4903: 4903
4905: 9806
4909: 4909
4911: 9818
4919: 4919
4921: 9838
4931: 4931
4933: 4933, 9862
4935: 9866
4937: 4937
4939: 9874
4943: 4943
4945: 9886
4951: 4951
4953: 9902
4957: 4957
4959: 9914
4967: 4967
4969: 4969, 9934
4971: 9938
4973: 4973
4975: 9946
4987: 4987
4989: 9974
4993: 4993
4995: 9986
4999: 4999
5001: 9998
5003: 5003
5009: 5009
5011: 5011
5021: 5021
5023: 5023
5039: 5039
5051: 5051
5059: 5059
5077: 5077
5081: 5081
5087: 5087
5099: 5099
5101: 5101
5107: 5107
5113: 5113
5119: 5119
5147: 5147
5153: 5153
5167: 5167
5171: 5171
5179: 5179
5189: 5189
5197: 5197
5209: 5209
5227: 5227
5231: 5231
5233: 5233
5237: 5237
5261: 5261
5273: 5273
5279: 5279
5281: 5281
5297: 5297
5303: 5303
5309: 5309
5323: 5323
5333: 5333
5347: 5347
5351: 5351
5381: 5381
5387: 5387
5393: 5393
5399: 5399
5407: 5407
5413: 5413
5417: 5417
5419: 5419
5431: 5431
5437: 5437
5441: 5441
5443: 5443
5449: 5449
5471: 5471
5477: 5477
5479: 5479
5483: 5483
5501: 5501
5503: 5503
5507: 5507
5519: 5519
5521: 5521
5527: 5527
5531: 5531
5557: 5557
5563: 5563
5569: 5569
5573: 5573
5581: 5581
5591: 5591
5623: 5623
5639: 5639
5641: 5641
5647: 5647
5651: 5651
5653: 5653
5657: 5657
5659: 5659
5669: 5669
5683: 5683
5689: 5689
5693: 5693
5701: 5701
5711: 5711
5717: 5717
5737: 5737
5741: 5741
5743: 5743
5749: 5749
5779: 5779
5783: 5783
5791: 5791
5801: 5801
5807: 5807
5813: 5813
5821: 5821
5827: 5827
5839: 5839
5843: 5843
5849: 5849
5851: 5851
5857: 5857
5861: 5861
5867: 5867
5869: 5869
5879: 5879
5881: 5881
5897: 5897
5903: 5903
5923: 5923
5927: 5927
5939: 5939
5953: 5953
5981: 5981
5987: 5987
6007: 6007
6011: 6011
6029: 6029
6037: 6037
6043: 6043
6047: 6047
6053: 6053
6067: 6067
6073: 6073
6079: 6079
6089: 6089
6091: 6091
6101: 6101
6113: 6113
6121: 6121
6131: 6131
6133: 6133
6143: 6143
6151: 6151
6163: 6163
6173: 6173
6197: 6197
6199: 6199
6203: 6203
6211: 6211
6217: 6217
6221: 6221
6229: 6229
6247: 6247
6257: 6257
6263: 6263
6269: 6269
6271: 6271
6277: 6277
6287: 6287
6299: 6299
6301: 6301
6311: 6311
6317: 6317
6323: 6323
6329: 6329
6337: 6337
6343: 6343
6353: 6353
6359: 6359
6361: 6361
6367: 6367
6373: 6373
6379: 6379
6389: 6389
6397: 6397
6421: 6421
6427: 6427
6449: 6449
6451: 6451
6469: 6469
6473: 6473
6481: 6481
6491: 6491
6521: 6521
6529: 6529
6547: 6547
6551: 6551
6553: 6553
6563: 6563
6569: 6569
6571: 6571
6577: 6577
6581: 6581
6599: 6599
6607: 6607
6619: 6619
6637: 6637
6653: 6653
6659: 6659
6661: 6661
6673: 6673
6679: 6679
6689: 6689
6691: 6691
6701: 6701
6703: 6703
6709: 6709
6719: 6719
6733: 6733
6737: 6737
6761: 6761
6763: 6763
6779: 6779
6781: 6781
6791: 6791
6793: 6793
6803: 6803
6823: 6823
6827: 6827
6829: 6829
6833: 6833
6841: 6841
6857: 6857
6863: 6863
6869: 6869
6871: 6871
6883: 6883
6899: 6899
6907: 6907
6911: 6911
6917: 6917
6947: 6947
6949: 6949
6959: 6959
6961: 6961
6967: 6967
6971: 6971
6977: 6977
6983: 6983
6991: 6991
6997: 6997
7001: 7001
7013: 7013
7019: 7019
7027: 7027
7039: 7039
7043: 7043
7057: 7057
7069: 7069
7079: 7079
7103: 7103
7109: 7109
7121: 7121
7127: 7127
7129: 7129
7151: 7151
7159: 7159
7177: 7177
7187: 7187
7193: 7193
7207: 7207
7211: 7211
7213: 7213
7219: 7219
7229: 7229
7237: 7237
7243: 7243
7247: 7247
7253: 7253
7283: 7283
7297: 7297
7307: 7307
7309: 7309
7321: 7321
7331: 7331
7333: 7333
7349: 7349
7351: 7351
7369: 7369
7393: 7393
7411: 7411
7417: 7417
7433: 7433
7451: 7451
7457: 7457
7459: 7459
7477: 7477
7481: 7481
7487: 7487
7489: 7489
7499: 7499
7507: 7507
7517: 7517
7523: 7523
7529: 7529
7537: 7537
7541: 7541
7547: 7547
7549: 7549
7559: 7559
7561: 7561
7573: 7573
7577: 7577
7583: 7583
7589: 7589
7591: 7591
7603: 7603
7607: 7607
7621: 7621
7639: 7639
7643: 7643
7649: 7649
7669: 7669
7673: 7673
7681: 7681
7687: 7687
7691: 7691
7699: 7699
7703: 7703
7717: 7717
7723: 7723
7727: 7727
7741: 7741
7753: 7753
7757: 7757
7759: 7759
7789: 7789
7793: 7793
7817: 7817
7823: 7823
7829: 7829
7841: 7841
7853: 7853
7867: 7867
7873: 7873
7877: 7877
7879: 7879
7883: 7883
7901: 7901
7907: 7907
7919: 7919
7927: 7927
7933: 7933
7937: 7937
7949: 7949
7951: 7951
7963: 7963
7993: 7993
8009: 8009
8011: 8011
8017: 8017
8039: 8039
8053: 8053
8059: 8059
8069: 8069
8081: 8081
8087: 8087
8089: 8089
8093: 8093
8101: 8101
8111: 8111
8117: 8117
8123: 8123
8147: 8147
8161: 8161
8167: 8167
8171: 8171
8179: 8179
8191: 8191
8209: 8209
8219: 8219
8221: 8221
8231: 8231
8233: 8233
8237: 8237
8243: 8243
8263: 8263
8269: 8269
8273: 8273
8287: 8287
8291: 8291
8293: 8293
8297: 8297
8311: 8311
8317: 8317
8329: 8329
8353: 8353
8363: 8363
8369: 8369
8377: 8377
8387: 8387
8389: 8389
8419: 8419
8423: 8423
8429: 8429
8431: 8431
8443: 8443
8447: 8447
8461: 8461
8467: 8467
8501: 8501
8513: 8513
8521: 8521
8527: 8527
8537: 8537
8539: 8539
8543: 8543
8563: 8563
8573: 8573
8581: 8581
8597: 8597
8599: 8599
8609: 8609
8623: 8623
8627: 8627
8629: 8629
8641: 8641
8647: 8647
8663: 8663
8669: 8669
8677: 8677
8681: 8681
8689: 8689
8693: 8693
8699: 8699
8707: 8707
8713: 8713
8719: 8719
8731: 8731
8737: 8737
8741: 8741
8747: 8747
8753: 8753
8761: 8761
8779: 8779
8783: 8783
8803: 8803
8807: 8807
8819: 8819
8821: 8821
8831: 8831
8837: 8837
8839: 8839
8849: 8849
8861: 8861
8863: 8863
8867: 8867
8887: 8887
8893: 8893
8923: 8923
8929: 8929
8933: 8933
8941: 8941
8951: 8951
8963: 8963
8969: 8969
8971: 8971
8999: 8999
9001: 9001
9007: 9007
9011: 9011
9013: 9013
9029: 9029
9041: 9041
9043: 9043
9049: 9049
9059: 9059
9067: 9067
9091: 9091
9103: 9103
9109: 9109
9127: 9127
9133: 9133
9137: 9137
9151: 9151
9157: 9157
9161: 9161
9173: 9173
9181: 9181
9187: 9187
9199: 9199
9203: 9203
9209: 9209
9221: 9221
9227: 9227
9239: 9239
9241: 9241
9257: 9257
9277: 9277
9281: 9281
9283: 9283
9293: 9293
9311: 9311
9319: 9319
9323: 9323
9337: 9337
9341: 9341
9343: 9343
9349: 9349
9371: 9371
9377: 9377
9391: 9391
9397: 9397
9403: 9403
9413: 9413
9419: 9419
9421: 9421
9431: 9431
9433: 9433
9437: 9437
9439: 9439
9461: 9461
9463: 9463
9467: 9467
9473: 9473
9479: 9479
9491: 9491
9497: 9497
9511: 9511
9521: 9521
9533: 9533
9539: 9539
9547: 9547
9551: 9551
9587: 9587
9601: 9601
9613: 9613
9619: 9619
9623: 9623
9629: 9629
9631: 9631
9643: 9643
9649: 9649
9661: 9661
9677: 9677
9679: 9679
9689: 9689
9697: 9697
9719: 9719
9721: 9721
9733: 9733
9739: 9739
9743: 9743
9749: 9749
9767: 9767
9769: 9769
9781: 9781
9787: 9787
9791: 9791
9803: 9803
9811: 9811
9817: 9817
9829: 9829
9833: 9833
9839: 9839
9851: 9851
9857: 9857
9859: 9859
9871: 9871
9883: 9883
9887: 9887
9901: 9901
9907: 9907
9923: 9923
9929: 9929
9931: 9931
9941: 9941
9949: 9949
9967: 9967
9973: 9973
