11
12
14
16
20
21
23
25
29
30
32
34
38
41
43
47
49
50
52
56
58
61
65
67
70
74
76
83
85
89
92
94
98
101
110
112
116
118
130
136
152
158
170
172
203
209
221
227
229
245
265
281
310
316
334
338
356
358
370
376
394
398
401
403
407
425
443
449
467
485
512
518
536
538
554
556
574
592
598
601
607
625
647
661
665
667
683
710
712
730
736
754
772
776
790
794
803
809
821
845
863
881
889
934
938
952
958
970
974
992
994
998
1001
1112
1130
1198
1310
1316
1598
1756
1772
1910
1918
1952
1970
1990
2209
2221
2225
2249
2261
2267
2281
2429
2447
2465
2489
2645
2681
2885
3110
3170
3310
3334
3370
3398
3518
3554
3730
3736
3794
3934
3974
4001
4027
4063
4229
4247
4265
4267
4427
4445
4463
4643
4825
4883
5158
5176
5374
5516
5552
5558
5594
5752
5972
5992
6001
6007
6067
6265
6403
6425
6443
6485
6601
6685
6803
6821
7330
7376
7390
7394
7534
7556
7592
7712
7934
7970
8009
8029
8221
8225
8801
8821
9118
9172
9190
9338
9370
9374
9512
9598
9710
9734
9752
9910
