1
2
4
6
8
12
16
18
20
24
28
30
32
36
40
42
48
54
56
60
64
66
72
78
80
84
88
90
96
100
104
108
112
120
126
128
132
140
144
150
156
160
162
168
176
180
192
196
198
200
204
208
210
216
220
224
228
234
240
252
256
260
264
270
272
276
280
288
294
300
304
306
308
312
320
324
330
336
340
342
348
352
360
364
368
378
380
384
390
392
396
400
408
414
416
420
432
440
448
450
456
460
462
464
468
476
480
486
496
500
504
510
512
520
522
528
532
540
544
546
552
558
560
570
576
580
588
594
600
608
612
616
620
624
630
640
644
648
660
666
672
680
684
690
696
700
702
704
714
720
726
728
736
740
744
750
756
760
768
780
784
792
798
800
810
812
816
820
828
832
840
858
860
864
868
870
880
882
888
896
900
912
918
920
924
928
930
936
952
960
966
968
972
980
984
990
992
1000
