1
2
3
4
5
6
7
8
9
10
12
20
24
30
36
40
48
50
60
70
80
90
100
102
110
120
140
150
200
204
210
220
240
280
300
306
330
360
400
408
420
440
480
500
510
540
550
600
630
660
700
770
800
840
880
900
990
1000
1002
1008
1010
1020
1040
1050
1080
1100
1110
1140
1200
1320
1400
1440
1500
1800
2000
2004
2010
2016
2020
2040
2080
2100
2200
2220
2280
2400
2520
2640
2800
2880
3000
3006
3030
3060
3120
3300
3330
3600
3960
4000
4008
4020
4040
4080
4100
4200
4400
4440
4500
4800
5000
5010
5040
5050
5100
5400
5500
5550
6000
6030
6060
6240
6300
6600
6660
7000
7070
7700
7770
8000
8040
8080
8200
8400
8800
8880
9000
9090
9360
9900
9990
10000
